116
47 75
55 10
84 5
0 15
5 79
6 21
13 22
26 70
31 65
34 41
40 36
53 52
60 5
63 90
64 97
67 44
72 2
88 57
88 83
92 44
2 48
4 64
7 86
11 93
12 14
12 53
13 62
16 74
16 87
18 32
18 48
20 54
21 27
26 6
27 78
33 71
36 45
37 26
41 18
41 89
44 40
46 9
47 94
54 85
55 25
62 33
66 81
68 84
69 65
69 94
70 30
71 56
75 61
78 27
80 56
80 97
83 50
87 18
93 19
96 35
96 47
0 5
0 29
0 41
0 96
5 73
8 33
15 95
17 59
17 68
19 81
20 15
21 39
22 23
22 90
25 0
25 58
28 53
29 36
29 92
31 17
32 10
34 61
34 85
36 69
38 78
39 50
46 60
47 31
48 14
48 69
51 64
52 37
55 91
56 22
57 65
63 22
64 37
72 13
73 70
73 84
76 7
76 44
77 1
78 36
80 68
83 29
85 3
89 64
91 75
92 90
92 99
94 80
95 1
95 27
96 16
