109
4 88
32 8
34 41
37 78
38 99
5 37
7 96
11 86
16 98
19 4
20 31
26 38
27 4
35 51
43 31
57 26
58 1
60 63
69 25
71 62
76 9
78 34
82 25
84 90
94 56
0 52
2 18
4 78
5 6
12 25
15 62
17 76
19 51
21 64
25 20
25 91
32 76
35 56
39 72
44 11
45 87
48 4
48 28
51 43
52 8
52 88
53 67
58 9
61 89
69 42
70 30
71 95
79 48
81 66
85 58
86 9
86 23
96 41
97 73
1 62
2 12
3 55
6 35
8 44
8 51
8 76
9 0
10 12
11 30
14 17
18 69
21 1
23 75
27 41
29 35
29 70
29 91
32 16
32 83
35 40
38 45
41 64
43 97
45 15
47 92
51 38
51 55
56 42
57 53
58 18
59 3
59 70
60 95
61 46
65 4
65 77
69 49
69 56
71 23
77 1
77 17
83 39
83 71
87 0
91 5
91 66
92 87
93 22
93 47
