108
9 36
11 11
78 31
90 63
0 23
1 82
4 31
8 2
13 55
15 65
19 58
21 10
25 20
34 43
40 85
45 66
75 47
83 31
84 69
85 40
90 95
91 30
0 58
0 92
2 51
2 76
5 66
7 89
8 80
12 1
22 27
26 87
27 95
32 35
35 97
36 56
43 80
46 12
46 34
46 60
47 89
48 0
52 38
52 93
54 44
55 63
59 24
60 13
61 28
62 54
64 86
66 75
70 41
72 8
73 59
73 90
79 74
79 84
80 99
82 13
88 19
89 47
90 84
99 76
0 0
1 20
3 43
4 55
8 60
12 89
12 98
13 81
16 36
19 1
19 44
20 64
24 57
25 76
26 5
29 11
30 29
34 63
35 0
36 21
48 26
50 8
50 84
51 31
55 75
56 3
56 36
60 44
61 99
65 57
67 51
70 96
72 77
73 17
73 41
74 51
75 2
76 63
79 26
79 58
80 88
86 2
88 88
91 56
