106
34 79
0 66
9 45
26 35
41 79
44 93
52 47
2 84
10 27
19 68
21 61
22 26
31 31
31 41
39 61
47 18
48 87
51 7
63 89
69 91
89 3
96 56
1 73
2 4
8 51
12 32
14 84
15 8
17 32
17 50
18 42
27 24
28 86
29 65
39 21
41 38
42 52
44 71
47 40
50 35
50 88
54 53
56 19
57 27
60 20
61 78
62 58
64 46
66 7
67 63
69 76
72 57
75 94
78 29
79 52
79 83
80 68
83 41
85 19
86 63
87 33
88 72
96 78
97 92
1 88
4 68
6 79
11 62
13 27
16 13
18 5
22 98
23 17
27 78
28 47
28 99
31 14
33 83
39 0
42 65
46 26
47 1
48 11
53 38
54 3
55 48
55 73
57 13
58 27
60 0
62 72
66 13
68 43
68 50
69 31
71 68
71 98
72 37
72 74
75 9
79 97
84 82
85 9
85 68
89 85
93 63
