196
4 7
4 14
4 21
4 28
4 35
4 42
4 49
4 56
4 63
4 70
4 77
4 84
4 91
4 98
11 7
11 14
11 21
11 28
11 35
11 42
11 49
11 56
11 63
11 70
11 77
11 84
11 91
11 98
18 7
18 14
18 21
18 28
18 35
18 42
18 49
18 56
18 63
18 70
18 77
18 84
18 91
18 98
25 7
25 14
25 21
25 28
25 35
25 42
25 49
25 56
25 63
25 70
25 77
25 84
25 91
25 98
32 7
32 14
32 21
32 28
32 35
32 42
32 49
32 56
32 63
32 70
32 77
32 84
32 91
32 98
39 7
39 14
39 21
39 28
39 35
39 42
39 49
39 56
39 63
39 70
39 77
39 84
39 91
39 98
46 7
46 14
46 21
46 28
46 35
46 42
46 49
46 56
46 63
46 70
46 77
46 84
46 91
46 98
53 7
53 14
53 21
53 28
53 35
53 42
53 49
53 56
53 63
53 70
53 77
53 84
53 91
53 98
60 7
60 14
60 21
60 28
60 35
60 42
60 49
60 56
60 63
60 70
60 77
60 84
60 91
60 98
67 7
67 14
67 21
67 28
67 35
67 42
67 49
67 56
67 63
67 70
67 77
67 84
67 91
67 98
74 7
74 14
74 21
74 28
74 35
74 42
74 49
74 56
74 63
74 70
74 77
74 84
74 91
74 98
81 7
81 14
81 21
81 28
81 35
81 42
81 49
81 56
81 63
81 70
81 77
81 84
81 91
81 98
88 7
88 14
88 21
88 28
88 35
88 42
88 49
88 56
88 63
88 70
88 77
88 84
88 91
88 98
95 7
95 14
95 21
95 28
95 35
95 42
95 49
95 56
95 63
95 70
95 77
95 84
95 91
95 98
