115
28 64
44 26
93 93
26 95
53 6
14 51
16 95
25 24
30 13
31 53
35 45
36 18
48 49
49 89
58 91
87 11
97 13
0 41
0 81
1 65
12 19
15 87
17 46
20 76
21 8
22 14
22 34
25 52
25 86
29 77
32 4
32 60
38 81
41 89
42 18
43 57
47 69
49 28
50 1
51 98
52 20
57 3
57 82
59 76
62 30
65 95
69 44
70 22
70 57
72 6
73 92
74 76
76 43
78 91
79 14
87 57
90 71
93 59
94 65
95 36
0 7
0 49
0 88
0 96
3 12
3 24
3 48
6 80
7 88
8 59
8 97
9 1
11 73
15 63
19 2
20 42
20 80
24 72
25 98
30 23
30 68
31 92
35 2
35 12
37 39
37 98
39 47
43 38
44 8
45 15
49 72
55 25
59 38
60 45
62 53
63 32
64 89
65 81
68 0
74 59
75 25
78 85
80 6
80 19
83 46
83 77
84 91
85 29
86 98
88 49
92 4
92 31
94 23
94 80
95 42
