114
46 74
47 16
79 56
0 49
2 57
5 12
7 40
14 74
16 59
18 45
22 73
25 67
25 93
32 96
36 86
44 38
46 93
47 63
59 37
61 2
69 13
70 2
73 50
74 28
81 13
85 29
86 41
95 57
6 29
7 82
7 89
8 67
9 6
11 39
17 85
21 14
29 39
31 12
34 66
34 77
36 24
36 55
39 99
41 6
42 23
43 80
49 34
51 57
58 83
61 27
64 63
66 74
67 28
67 85
68 41
73 69
84 69
84 95
85 57
92 85
0 0
0 44
1 78
7 79
8 26
9 62
10 14
13 21
14 39
18 34
23 20
23 98
24 46
24 55
27 64
32 7
34 41
38 89
39 15
40 73
41 57
46 42
46 50
47 14
52 45
57 8
58 55
62 98
64 9
64 50
66 18
67 82
73 21
75 34
76 1
76 65
77 43
78 75
80 81
81 49
82 5
82 38
83 63
85 75
86 21
86 97
87 56
88 13
88 32
89 65
94 14
95 86
96 24
96 72
