103
57 8
42 42
66 69
72 75
77 45
5 6
10 54
20 31
25 0
26 42
32 60
34 90
38 77
44 81
46 62
54 83
55 24
58 89
64 8
65 57
74 51
80 66
94 96
96 27
3 74
6 4
8 15
10 30
11 72
14 87
16 8
16 99
23 73
23 85
25 8
28 98
31 26
33 40
34 17
48 92
49 28
49 74
50 1
51 96
56 42
58 95
61 69
61 77
62 18
62 25
64 37
68 10
68 19
73 1
75 75
79 27
81 61
81 93
86 18
88 32
91 45
95 36
0 35
0 51
2 95
5 85
8 40
16 71
21 26
24 89
25 70
26 45
28 77
30 4
37 59
39 71
47 49
48 55
49 30
53 15
59 49
66 46
67 88
68 32
68 82
70 63
71 21
74 41
74 79
76 16
77 70
79 37
81 83
84 53
85 76
86 37
88 13
90 58
91 65
93 87
95 8
96 41
96 81
