116
26 69
49 70
33 87
46 62
50 41
9 71
10 56
16 46
25 60
40 1
52 15
59 80
64 66
70 50
78 29
82 38
90 57
1 51
2 94
4 74
9 94
10 0
12 23
15 76
16 93
19 39
23 28
26 82
26 97
27 45
28 25
29 68
30 32
31 77
36 13
36 81
41 76
44 1
47 7
51 61
54 89
55 27
55 33
55 56
58 2
62 91
63 16
64 35
65 72
69 11
74 25
75 8
76 99
82 86
87 13
87 40
89 4
89 68
90 94
95 41
0 1
0 30
0 57
1 38
1 64
1 81
2 18
4 6
5 13
6 48
10 10
11 29
11 90
13 61
17 8
18 84
19 47
20 73
21 34
26 7
27 96
29 49
29 57
30 66
31 42
33 25
36 53
38 20
39 26
39 39
41 56
41 84
42 69
45 45
46 22
52 12
57 52
61 25
64 83
71 31
71 43
72 37
73 92
78 22
78 50
78 76
80 9
81 89
83 28
89 26
91 70
92 13
95 65
96 23
96 40
96 48
