118
25 3
27 95
83 0
3 69
22 61
24 77
27 44
30 19
42 37
42 66
46 58
47 13
59 84
62 40
65 18
72 35
77 25
83 63
92 22
2 28
2 85
5 98
6 74
8 4
8 56
8 61
15 47
16 52
16 95
17 19
17 79
22 33
23 57
28 51
33 83
42 2
42 74
46 95
47 47
49 77
50 19
53 32
57 7
65 54
65 67
67 42
70 20
71 93
73 72
74 63
76 10
76 49
77 80
80 19
83 73
83 87
89 79
93 47
94 57
97 76
0 3
0 57
0 91
4 16
5 23
6 91
9 39
10 17
11 29
13 8
14 88
19 44
21 9
21 89
22 64
27 99
28 1
28 53
28 68
30 29
32 89
33 76
35 19
35 34
37 25
38 11
38 94
42 82
49 4
50 47
51 54
53 28
53 63
55 79
56 68
58 22
60 31
61 59
62 12
66 86
69 55
77 32
77 68
78 76
79 56
80 92
83 15
83 48
83 98
87 60
89 28
91 68
91 96
92 9
92 41
95 26
96 35
96 49
