99
2 3
15 29
60 34
12 89
19 55
33 22
41 72
48 88
51 97
62 71
78 74
96 49
14 35
16 18
27 34
33 42
33 97
36 17
41 36
50 19
51 61
60 82
66 33
68 11
71 39
73 88
74 81
79 50
83 61
7 58
17 84
19 48
25 94
28 49
29 83
35 58
38 86
40 50
41 92
46 84
47 43
58 14
58 24
60 65
64 81
75 67
76 43
78 86
81 31
82 47
84 99
86 50
87 64
94 93
2 2
4 70
4 86
5 50
8 43
12 61
16 25
16 92
18 35
18 75
26 38
28 53
29 9
31 28
31 69
38 15
41 10
41 56
42 32
43 49
45 25
50 70
58 12
58 27
59 42
60 97
61 87
64 46
65 52
68 27
72 18
74 60
75 98
77 11
78 70
83 12
83 20
83 29
85 74
88 46
93 34
93 59
93 83
95 26
95 68
