112
18 29
19 53
63 20
84 73
4 56
7 51
9 74
12 67
15 79
15 94
28 76
35 67
37 31
40 11
41 91
45 54
50 22
50 39
63 3
68 76
82 7
86 88
95 60
96 29
3 30
4 94
6 8
7 89
11 53
13 35
17 18
21 42
21 83
22 4
22 50
26 27
28 96
29 62
39 19
46 95
48 47
48 79
59 68
60 27
62 42
63 57
63 96
68 1
70 14
73 95
76 1
77 25
80 37
83 55
84 62
86 3
90 14
90 49
91 4
0 1
0 48
0 61
0 74
9 25
9 72
10 12
10 42
10 88
11 59
13 50
17 99
19 23
20 74
21 15
21 91
25 7
25 32
29 12
34 4
37 96
38 65
40 74
40 82
43 9
46 62
47 28
49 90
50 13
52 60
53 18
54 96
58 12
59 91
62 85
64 11
64 69
68 59
71 11
71 30
71 79
73 65
79 17
79 79
82 41
87 63
89 83
90 95
92 45
92 66
93 35
96 5
96 59
