109
1 71
29 89
0 94
43 9
61 77
97 2
5 22
15 94
16 60
22 8
22 45
32 8
52 37
57 96
60 51
78 26
79 93
82 13
85 65
92 17
92 47
93 29
0 0
0 66
4 97
11 5
12 52
20 40
25 93
27 20
27 84
31 30
31 49
34 36
35 21
39 83
43 22
46 87
48 26
48 75
49 52
51 88
54 6
54 16
54 41
55 25
55 72
58 1
60 64
64 19
64 88
71 68
78 36
78 49
81 89
83 58
84 95
91 84
92 23
93 68
95 89
0 24
0 38
0 96
3 15
3 35
4 3
9 19
9 72
10 64
10 99
11 46
15 73
16 63
22 43
25 99
27 25
29 77
31 57
32 92
36 11
36 50
38 57
43 13
45 1
45 62
46 42
53 67
54 89
58 11
61 5
61 35
61 73
65 98
67 53
67 62
68 23
69 12
71 88
76 61
79 25
85 5
89 59
93 12
96 25
96 37
96 70
96 78
96 99
