115
11 9
16 82
69 29
79 50
2 10
2 71
21 26
35 64
42 72
53 54
56 31
61 79
65 1
68 64
75 20
85 76
85 89
94 12
95 92
0 46
2 58
7 69
9 21
9 43
11 50
16 5
16 74
18 67
18 92
26 74
26 97
27 59
29 38
32 93
35 44
42 40
42 55
43 4
46 19
53 62
56 41
59 54
61 23
64 75
66 81
67 40
70 27
71 6
75 12
75 62
77 39
77 81
83 28
87 40
87 85
89 64
93 50
99 69
0 12
0 95
1 20
2 39
3 59
3 81
7 87
10 14
11 30
11 57
16 46
18 36
18 52
18 60
22 0
23 19
23 27
30 19
30 78
32 11
32 58
34 0
37 79
37 90
43 47
44 98
45 13
46 87
47 6
52 9
53 68
54 47
55 93
58 87
61 53
62 11
64 17
64 45
66 92
73 98
76 93
77 0
81 7
81 53
85 30
86 13
87 58
88 20
91 35
92 15
93 8
93 77
94 61
95 46
95 87
96 55
96 93
