104
46 77
52 31
61 30
78 46
93 92
95 78
4 85
5 45
13 86
21 42
22 53
25 10
31 76
43 66
48 53
49 10
66 12
66 24
70 70
74 95
80 11
84 75
89 17
91 3
94 24
95 10
95 18
97 1
0 64
2 57
5 76
11 4
15 98
21 89
22 57
25 2
27 16
29 27
32 23
33 66
39 9
48 83
49 42
53 66
56 73
57 98
60 63
62 81
64 1
70 53
73 35
73 63
77 27
78 66
80 54
85 45
85 54
87 98
88 71
91 84
94 33
95 97
0 33
0 95
3 19
4 13
5 88
6 51
7 58
13 65
16 27
16 71
17 12
19 35
19 80
21 50
26 60
26 79
26 91
28 44
32 9
32 28
34 56
35 48
37 42
38 84
39 36
40 90
42 3
47 64
48 21
52 44
54 6
54 16
54 37
58 48
64 34
67 13
74 82
84 26
85 8
90 38
95 27
96 84
