105
49 94
10 94
15 79
53 25
2 65
15 68
25 99
27 85
33 89
36 79
39 58
40 45
44 24
46 90
47 1
51 60
55 43
56 12
60 48
61 80
65 57
78 42
89 25
95 4
0 0
0 17
0 24
1 8
1 90
3 52
9 12
14 40
16 93
20 54
23 63
25 36
26 1
26 15
30 78
31 7
34 40
36 18
37 69
40 39
48 20
48 44
56 20
58 0
59 27
59 89
63 12
65 37
68 94
73 21
75 10
80 61
81 80
82 72
85 33
85 88
87 42
94 23
94 72
96 37
0 32
0 75
3 89
4 45
6 34
8 22
9 50
13 19
15 9
16 40
16 78
20 27
21 50
21 92
23 22
27 16
29 64
30 53
33 25
35 88
36 6
40 15
40 30
40 74
49 9
51 82
56 39
58 9
60 1
63 24
66 6
69 82
69 99
70 37
78 99
79 6
80 0
82 66
84 57
91 62
92 53
