109
17 32
38 76
42 53
51 55
60 27
89 64
2 28
12 22
14 71
21 53
24 36
31 78
36 3
39 89
46 33
49 68
69 32
73 6
80 96
88 37
95 13
96 32
0 14
1 76
6 39
6 65
9 14
10 97
13 56
14 6
16 47
24 86
27 43
27 96
30 66
31 58
33 13
33 32
34 97
36 26
36 64
43 78
52 92
56 12
59 20
59 59
59 91
64 55
65 82
66 15
66 90
73 75
78 88
84 77
88 98
92 80
93 20
95 40
95 55
96 96
0 0
0 89
0 98
3 87
5 55
8 80
16 89
17 60
18 78
19 22
23 14
24 73
26 5
26 23
30 51
33 83
37 63
38 0
39 15
39 94
41 39
44 44
44 63
47 27
49 1
49 40
50 52
51 79
55 0
55 73
63 9
65 26
70 17
73 24
73 53
74 35
75 63
77 40
81 52
82 9
82 62
82 70
83 91
84 0
86 28
90 47
94 27
95 63
96 4
