106
10 10
3 3
15 15
1 18
41 62
58 59
78 88
84 85
11 88
18 70
26 71
27 36
31 83
31 98
34 56
41 4
45 33
75 65
89 70
90 6
92 18
93 78
2 21
3 86
4 7
6 75
9 99
13 33
15 9
16 18
16 52
16 91
19 26
19 41
19 62
19 83
32 11
37 23
38 40
44 74
45 41
51 13
51 34
52 87
56 40
58 3
64 48
66 56
67 10
70 34
70 92
73 11
74 78
76 35
77 56
83 22
84 12
88 44
92 90
95 53
97 64
0 8
0 29
0 49
2 60
3 45
6 54
7 63
9 78
10 40
13 46
17 2
20 56
20 98
23 0
23 21
26 39
31 45
32 34
34 99
38 28
48 78
48 98
50 16
55 30
58 23
58 60
60 17
61 98
63 0
63 27
68 50
68 84
69 29
71 95
72 70
75 75
76 52
78 91
79 64
79 97
82 76
90 43
93 86
96 5
96 69
