109
4 65
8 27
53 53
69 6
80 20
96 41
2 11
4 5
13 93
23 7
24 76
32 43
34 37
34 97
48 27
55 19
61 59
62 84
73 64
82 57
88 84
95 78
0 45
1 85
2 72
4 21
6 43
12 4
12 44
18 23
18 44
23 89
31 56
31 78
36 14
36 88
37 46
40 73
41 7
41 65
46 39
54 35
58 8
59 69
61 76
64 28
66 17
66 44
70 6
72 17
72 29
75 86
77 29
80 66
81 1
85 9
87 73
89 23
89 47
93 0
94 10
0 31
0 51
1 90
1 98
2 81
5 33
5 65
6 57
7 84
11 34
14 53
15 60
16 97
20 56
20 63
20 71
21 1
25 95
29 4
29 66
31 51
34 0
35 40
35 92
36 99
38 22
43 9
44 20
46 75
47 49
50 68
53 55
58 2
63 73
65 63
67 52
69 77
75 40
76 11
77 92
78 73
83 12
83 20
88 40
90 31
91 58
92 64
95 97
