115
24 30
37 18
62 83
96 12
5 59
22 39
28 50
29 12
32 92
37 28
56 20
62 46
65 75
66 63
70 41
70 66
79 42
82 92
83 14
89 58
90 83
95 39
0 29
3 22
3 67
4 79
6 16
6 90
8 25
12 91
13 74
15 4
17 59
18 20
20 47
25 4
27 60
27 73
29 96
30 2
30 45
33 62
37 82
38 56
38 67
51 44
54 3
55 72
59 96
63 24
65 33
70 23
73 3
73 85
83 26
83 64
91 98
93 48
95 30
0 1
0 5
0 82
0 91
3 36
7 99
10 49
10 56
12 32
16 81
25 86
27 8
32 40
34 51
37 2
37 9
38 35
39 78
41 47
43 63
44 19
45 85
46 41
49 32
50 13
55 34
57 79
58 5
58 57
65 13
67 7
68 59
68 73
71 21
74 35
74 56
75 14
80 47
81 55
85 35
86 66
87 23
88 14
88 40
89 73
89 92
91 53
92 82
93 7
93 60
94 97
95 68
96 2
96 20
96 77
96 89
