109
26 51
84 42
3 47
4 29
5 54
18 37
20 10
23 82
24 66
27 93
28 70
32 41
33 19
37 95
38 43
49 22
50 44
52 71
58 83
63 66
69 94
71 14
75 77
77 96
82 82
85 91
93 95
98 37
4 18
10 62
11 89
13 54
18 46
23 28
24 21
31 79
35 59
36 50
42 77
46 37
46 53
52 50
53 61
54 15
58 6
59 91
60 71
62 11
62 45
66 90
69 45
71 36
71 63
76 90
86 11
87 61
93 72
0 0
0 8
0 62
0 88
1 36
1 84
3 98
6 23
6 40
6 75
7 31
12 7
13 76
16 59
21 12
21 46
22 54
23 40
24 2
29 47
30 7
30 74
33 68
33 87
35 11
35 18
41 61
45 7
45 15
46 1
48 93
50 29
54 96
57 34
59 55
59 76
63 17
66 3
68 28
68 98
72 21
73 54
75 14
76 60
76 67
76 83
77 44
81 24
85 75
88 54
90 62
92 91
