110
5 2
11 54
25 42
50 51
55 47
57 92
96 40
31 68
41 49
47 40
55 24
58 66
60 83
72 6
76 81
91 72
95 66
98 83
0 78
2 53
7 81
9 63
11 29
13 22
14 78
17 4
17 53
19 81
22 89
25 12
26 95
29 20
33 4
33 52
35 74
37 87
39 14
40 92
46 26
55 59
56 16
59 38
63 74
64 68
65 28
68 89
70 33
71 61
78 0
78 27
78 64
80 40
82 19
84 29
87 59
87 86
88 8
90 80
93 28
96 75
0 83
2 24
3 45
4 15
9 43
11 12
13 27
14 59
16 97
17 10
17 44
21 29
21 50
24 66
25 59
25 84
27 47
30 40
31 21
31 99
32 32
35 64
40 22
41 7
42 59
45 96
47 36
50 9
58 89
60 5
60 17
61 35
61 43
62 80
68 22
71 43
73 16
75 85
75 97
76 77
78 70
79 34
86 14
87 98
89 25
89 54
92 15
93 90
95 0
95 50
