112
23 65
62 22
3 47
7 30
19 76
46 54
91 9
2 91
15 86
30 66
30 75
44 34
46 48
56 67
62 67
65 24
67 62
67 83
71 19
83 52
85 10
87 67
90 45
12 17
17 31
17 47
19 57
20 4
23 40
24 29
24 47
27 91
30 29
30 50
32 41
33 98
34 3
36 81
37 13
45 63
46 4
52 44
53 7
55 28
56 79
65 41
66 5
68 10
72 71
77 44
78 36
79 23
84 26
86 97
90 2
97 13
0 65
0 83
2 8
3 77
4 1
5 51
7 43
7 87
8 63
9 24
9 57
9 71
12 52
12 94
14 12
19 72
19 81
24 8
24 58
29 13
30 62
31 22
33 33
36 53
36 89
37 26
42 69
43 76
48 15
48 72
49 89
52 36
52 99
58 51
61 87
66 55
66 96
68 90
69 28
69 47
73 12
73 55
73 82
77 1
78 85
84 13
87 20
89 72
90 38
91 46
92 63
92 77
93 0
93 84
95 51
96 93
