105
61 78
67 10
50 21
61 48
83 40
2 18
5 84
7 43
9 74
10 23
17 32
22 62
25 76
33 71
39 27
40 89
49 75
56 67
68 24
72 38
76 10
80 17
82 58
86 27
87 90
88 13
93 90
95 21
95 56
96 82
2 58
6 11
6 80
8 95
15 65
15 93
19 40
27 22
27 29
27 67
33 80
34 91
36 9
39 46
48 52
49 40
52 28
54 88
57 73
62 33
64 48
64 73
66 66
71 53
71 71
72 94
79 95
85 47
91 73
92 10
0 29
0 48
3 55
7 39
11 75
13 24
14 83
21 18
22 12
23 93
25 51
26 61
29 98
30 40
31 56
35 80
38 14
39 37
39 95
41 20
42 80
44 90
52 40
55 56
57 11
58 26
61 40
61 96
63 83
69 16
70 26
71 48
71 82
74 70
76 30
77 47
77 84
79 74
80 92
85 61
91 28
93 35
93 51
93 65
95 59
