114
21 14
49 32
58 92
85 4
0 47
3 91
7 30
12 10
13 37
25 95
33 67
50 92
51 81
52 10
56 17
64 74
67 94
68 17
78 83
82 59
89 95
0 39
3 53
6 5
8 73
9 85
11 27
13 20
14 1
21 51
23 33
27 77
29 27
29 89
30 14
37 47
37 90
40 62
43 20
44 68
46 27
56 83
59 37
59 65
63 4
65 34
66 80
71 24
71 75
71 95
75 46
82 48
85 40
88 2
88 56
88 87
92 75
93 29
94 2
94 64
0 21
0 66
0 76
0 85
4 54
6 44
7 14
7 97
9 49
14 34
15 59
16 4
17 94
18 20
20 66
22 99
26 20
26 65
27 51
29 4
30 77
30 96
39 91
40 33
42 97
43 2
43 46
44 39
46 52
46 75
47 15
51 89
52 54
52 61
53 22
54 7
54 70
57 28
57 99
59 59
59 78
59 87
75 9
75 42
76 90
78 1
87 19
87 63
90 53
92 84
92 95
93 44
95 77
96 50
