100
12 80
73 55
15 13
19 90
31 85
32 48
64 86
83 9
84 64
94 30
3 31
16 36
22 38
27 10
31 70
33 35
40 95
46 16
50 82
52 26
52 48
58 5
78 33
94 42
94 59
0 43
8 23
9 88
14 3
15 65
20 64
21 96
31 56
37 6
37 25
37 60
39 54
41 75
44 23
46 95
49 6
52 66
61 56
65 17
66 6
69 35
69 76
73 87
74 48
77 56
79 91
80 39
81 18
83 1
87 13
94 4
94 36
97 84
0 20
0 47
1 71
3 41
4 27
5 97
7 11
7 51
13 92
14 73
18 4
18 54
20 16
20 70
21 80
24 23
30 19
35 42
38 66
41 81
43 62
48 37
52 57
55 51
56 39
56 68
56 81
65 13
66 25
66 50
66 69
69 43
74 63
79 36
82 79
83 69
84 22
86 58
86 91
88 78
94 26
94 49
