114
51 19
17 16
55 4
75 25
83 39
3 38
5 6
25 35
32 91
43 35
47 88
52 13
55 61
60 28
67 7
68 41
78 74
95 83
0 5
1 82
3 47
9 10
10 67
12 40
16 22
17 67
18 93
20 84
23 70
26 83
29 21
30 62
34 16
34 97
38 23
38 73
40 13
55 40
56 50
57 88
60 67
71 56
73 6
75 40
76 65
76 91
78 54
79 47
82 20
83 83
85 56
88 13
89 79
91 51
91 68
93 6
93 57
94 23
95 98
0 29
0 47
0 97
1 58
2 94
3 88
5 20
5 52
6 30
9 96
11 5
12 76
15 0
16 12
17 60
19 40
21 25
22 5
24 76
25 52
25 99
29 34
30 73
33 44
36 84
38 64
42 53
46 6
46 27
46 38
47 0
49 65
51 84
52 98
53 24
56 8
60 19
61 13
64 52
66 1
66 18
66 26
67 34
68 70
69 98
74 16
75 0
82 69
83 87
88 27
90 44
91 80
93 31
94 11
96 2
