88
5 23
15 69
18 57
52 58
2 33
5 12
11 56
15 16
26 89
27 28
32 82
33 93
35 55
57 66
60 94
66 89
88 93
2 82
4 48
10 65
12 96
16 46
17 30
18 69
24 38
24 52
25 95
26 64
33 61
33 75
35 39
37 47
52 75
56 86
75 97
3 44
3 93
4 17
5 75
9 20
10 34
14 91
17 23
22 77
25 72
32 69
36 69
36 98
38 80
43 56
44 79
44 97
45 63
58 81
61 74
67 78
74 87
80 89
0 36
0 63
3 88
4 68
7 83
8 77
10 37
11 51
13 99
14 61
14 78
15 88
16 40
23 41
24 57
24 98
27 34
36 87
42 90
48 53
48 86
50 69
52 62
53 76
62 66
64 97
68 74
69 94
80 98
88 98
