105
70 3
20 8
71 80
42 73
53 72
62 72
67 95
71 31
84 8
10 87
15 30
15 91
28 29
30 55
36 95
39 1
52 48
63 29
67 58
73 20
73 59
94 41
0 11
0 44
1 61
2 28
5 65
7 23
9 71
11 12
14 78
20 15
22 96
29 18
34 64
36 84
44 18
44 61
48 83
48 90
52 39
55 21
55 80
56 32
57 59
59 97
60 8
67 66
71 37
78 74
81 13
82 68
84 37
85 54
86 81
93 78
95 21
96 51
0 19
0 76
0 86
2 99
7 39
10 7
10 21
10 57
12 96
14 50
22 1
22 12
24 45
28 99
29 22
31 42
31 77
34 7
35 35
38 14
38 41
40 98
43 7
43 35
44 46
45 24
46 67
49 9
53 66
54 1
57 83
59 67
61 36
62 5
63 89
64 13
67 47
71 27
72 92
76 86
77 49
78 56
81 27
85 85
85 92
89 28
90 62
