115
12 24
28 96
37 3
57 84
65 51
7 54
7 75
15 73
16 47
21 28
31 82
33 61
41 94
44 90
51 95
53 56
61 9
69 79
71 96
81 59
81 85
87 55
89 96
95 54
6 15
8 85
16 65
18 9
22 67
22 74
26 13
34 93
35 40
41 59
48 12
48 88
52 3
54 29
55 71
57 91
59 84
63 67
66 25
69 17
77 38
80 1
82 88
83 23
83 69
86 3
88 80
89 14
90 72
93 21
93 34
93 83
0 14
0 23
0 40
0 78
1 59
7 29
7 52
8 79
9 43
9 58
9 96
11 19
13 28
16 49
21 9
23 29
24 52
24 88
29 18
29 32
32 73
36 45
36 85
37 6
37 64
39 27
43 36
43 74
48 52
51 17
51 45
55 38
57 73
57 99
60 21
60 59
64 11
66 69
68 35
69 58
70 45
71 64
71 79
73 28
74 19
75 93
79 48
82 16
82 63
87 52
87 59
88 65
89 5
89 42
91 97
95 1
95 61
95 73
96 44
