96
4 3
11 7
9 16
16 4
25 25
36 38
64 69
83 88
6 93
8 40
11 70
12 48
14 78
15 53
16 15
16 23
17 9
20 96
23 40
24 18
29 84
35 87
42 9
46 48
49 59
50 23
53 65
67 1
73 92
78 3
2 18
7 99
9 65
12 84
17 30
24 60
26 47
26 66
26 95
27 6
28 22
28 34
31 43
33 94
37 15
42 31
54 36
55 42
55 54
57 8
61 57
66 48
68 69
72 78
73 17
81 77
86 87
88 69
90 45
93 92
96 98
0 8
0 84
0 97
3 30
9 60
15 90
16 17
16 45
16 72
17 1
21 77
30 28
35 57
35 83
39 89
40 38
41 75
42 20
46 7
46 94
47 14
57 20
61 93
63 7
64 65
69 56
73 11
73 86
81 50
84 21
92 81
93 38
94 30
96 51
96 90
