108
15 31
65 23
44 36
47 81
68 5
2 57
3 25
3 32
12 64
13 46
16 17
23 68
25 54
30 36
34 52
35 30
43 10
46 59
49 54
58 37
68 49
72 81
75 37
95 31
5 72
5 94
6 38
9 78
12 26
12 70
19 33
22 46
23 6
31 8
31 85
35 47
35 70
47 99
48 71
50 5
52 29
52 77
52 89
59 82
66 18
70 24
71 77
74 52
74 62
75 96
78 90
80 15
81 5
82 58
83 38
86 91
87 81
89 33
92 12
95 59
95 70
0 7
0 40
0 76
0 85
4 62
5 87
6 22
7 11
12 52
13 0
14 75
18 85
20 20
21 61
23 28
24 73
27 21
28 96
30 89
33 38
35 3
35 58
36 93
38 23
38 80
40 41
47 39
51 6
51 21
54 70
56 13
58 5
58 51
59 44
69 4
69 44
71 17
77 27
78 49
78 97
82 68
83 11
84 48
85 20
89 53
89 87
93 42
