104
0 1
0 9
0 17
0 25
0 33
0 41
0 49
0 57
0 65
0 73
0 81
0 89
8 2
8 10
8 18
8 26
8 34
8 42
8 50
8 58
8 66
8 74
8 82
8 90
28 2
28 10
28 18
28 26
28 34
28 42
28 50
28 58
28 66
28 74
28 82
28 90
38 2
38 10
38 18
38 26
38 34
38 42
38 50
38 58
38 66
38 74
38 82
38 90
48 2
48 10
48 18
48 26
48 34
48 42
48 50
48 58
48 66
48 74
48 82
48 90
58 2
58 10
58 18
58 26
58 34
58 42
58 50
58 58
58 66
58 74
58 82
58 90
68 2
68 10
68 18
68 26
68 34
68 42
68 50
68 58
68 66
68 74
68 82
68 90
88 2
88 10
88 18
88 26
88 34
88 42
88 50
88 58
88 66
88 74
88 82
88 90
0 93
7 96
27 96
37 96
47 96
57 96
67 96
87 96
