108
39 43
87 9
3 90
38 96
63 16
68 85
73 26
94 52
3 6
5 22
8 50
10 90
12 12
13 36
13 66
25 64
41 33
54 62
57 80
59 59
64 71
67 99
68 34
85 63
86 82
91 39
5 74
8 45
9 83
12 96
13 26
17 45
20 32
21 58
22 82
24 47
25 15
28 74
28 83
39 74
42 68
43 7
46 36
47 15
54 71
57 34
59 23
61 61
63 37
70 8
71 3
71 68
73 46
75 32
79 37
82 96
85 27
91 84
93 31
0 7
0 31
0 59
3 28
4 14
7 2
8 62
10 51
12 71
12 87
13 78
14 30
15 17
20 22
21 93
22 29
23 55
24 71
27 34
27 80
27 94
28 61
29 7
32 37
34 65
35 5
35 19
36 99
37 55
45 90
50 21
52 85
54 45
57 73
65 55
66 61
74 92
80 3
80 75
81 48
84 92
85 98
87 70
88 14
88 45
93 93
94 32
96 66
96 74
