105
10 15
7 54
16 73
21 13
55 74
69 68
74 88
0 76
10 90
17 59
20 6
44 7
48 62
52 31
57 79
70 83
71 8
75 62
75 79
77 38
80 37
95 48
96 82
96 93
1 29
4 97
7 60
8 6
9 72
15 44
15 92
16 36
18 50
18 86
23 46
24 79
32 43
32 80
33 37
34 71
35 23
35 91
38 45
42 72
50 78
58 48
58 58
62 28
64 96
72 70
73 51
74 22
78 93
80 78
84 25
85 90
87 63
89 21
90 6
91 43
94 55
96 34
97 60
0 3
0 18
0 53
0 78
2 86
4 34
4 43
10 39
10 81
14 0
22 91
23 67
25 1
25 23
30 60
33 28
33 67
40 21
41 0
41 85
44 13
46 44
48 25
49 58
49 96
50 6
50 66
52 85
62 79
63 9
64 56
65 16
71 9
73 1
76 59
77 70
77 85
85 12
88 73
93 16
94 1
96 24
