113
62 52
7 34
16 56
30 59
31 26
34 19
52 26
0 97
4 52
21 92
22 61
23 45
33 72
37 53
51 3
51 91
60 89
67 2
68 54
70 7
84 57
4 25
7 44
8 87
8 95
11 62
11 80
18 14
18 78
20 51
27 37
29 51
33 8
36 72
37 25
37 66
40 96
44 64
49 79
52 39
54 79
57 71
60 60
61 22
69 14
76 43
76 82
78 14
79 0
84 27
86 71
86 98
88 80
89 47
93 84
94 30
97 23
0 8
0 20
0 37
0 56
0 77
1 30
3 67
9 34
10 40
11 28
14 70
14 85
17 25
18 6
20 17
20 74
21 93
23 99
26 0
30 30
30 93
35 50
38 16
39 57
40 88
41 4
43 52
44 33
47 60
50 11
50 66
51 95
52 0
54 19
56 39
56 82
57 11
60 29
61 78
62 44
66 63
67 39
72 4
72 49
72 57
76 68
76 95
79 77
79 89
80 83
81 40
87 34
93 0
95 63
96 42
96 77
