112
22 71
1 34
2 28
3 64
4 50
11 28
17 11
21 2
21 83
23 94
35 72
40 25
45 88
53 80
57 91
61 35
61 45
69 81
71 67
73 78
79 52
84 89
85 42
0 95
2 89
10 4
12 78
15 22
17 61
19 43
20 14
21 97
27 13
27 26
31 20
32 3
33 38
33 95
39 7
45 10
46 56
48 97
55 72
60 23
60 88
62 6
64 0
70 14
72 58
75 67
76 7
76 26
79 79
81 29
82 13
83 21
85 71
90 63
95 74
0 0
2 10
3 36
8 60
10 40
13 5
15 48
18 30
19 24
23 98
24 36
24 66
25 72
27 7
27 85
28 16
34 54
36 46
37 70
40 76
41 14
41 39
42 28
44 65
46 42
47 13
50 0
51 50
53 62
56 16
57 98
60 69
60 81
65 33
66 8
66 91
68 49
74 34
75 95
76 89
77 4
77 61
82 78
83 0
87 40
87 47
88 26
89 18
92 43
92 86
95 10
95 35
95 80
