110
28 18
37 60
39 43
4 13
15 80
23 33
47 22
58 19
1 80
3 43
6 17
14 28
27 43
34 94
41 17
50 96
56 35
62 65
66 87
71 75
90 45
91 62
94 85
0 7
6 31
8 39
9 96
11 90
12 12
15 5
18 92
21 3
21 55
21 84
26 34
27 75
29 24
33 6
34 75
37 84
38 94
40 41
46 44
49 5
50 10
52 47
58 89
60 24
62 95
69 29
73 39
78 29
82 54
83 73
83 88
84 2
90 30
90 94
91 11
94 81
0 0
0 16
0 23
0 48
0 57
0 76
0 95
9 61
11 74
15 28
19 11
19 49
19 97
20 37
21 25
23 88
29 65
29 87
30 18
31 41
41 8
42 91
43 30
43 52
43 81
45 65
47 57
52 0
52 94
55 72
58 13
60 42
60 57
62 79
64 12
64 71
66 43
70 54
70 87
71 0
72 11
72 79
73 23
74 60
81 23
86 37
88 89
91 60
94 26
96 87
