113
41 13
53 45
84 3
1 12
11 63
13 12
15 29
18 53
23 25
26 85
32 52
36 64
38 52
46 2
49 56
57 61
60 96
68 65
70 75
73 46
86 69
2 52
9 2
9 45
11 18
11 72
15 99
18 40
23 3
23 43
26 21
28 96
30 10
31 41
34 83
34 91
36 29
42 36
45 60
46 70
51 74
55 35
55 81
58 43
62 81
64 32
72 24
72 56
77 95
78 58
82 22
82 52
83 33
86 10
87 25
91 36
91 54
93 67
94 81
96 3
97 22
0 16
0 65
2 48
2 77
2 99
3 24
5 33
13 91
16 65
16 82
21 92
23 57
23 75
25 38
25 68
27 28
30 19
30 59
34 0
35 39
37 18
37 72
38 7
38 64
38 92
42 53
45 43
46 22
47 94
48 34
51 50
53 2
55 56
57 32
59 44
59 74
61 7
62 0
65 49
66 17
68 37
68 99
70 8
70 71
71 89
75 41
78 78
79 46
84 74
87 30
94 76
96 55
