107
9 0
26 28
89 67
90 79
96 11
4 77
8 89
13 73
21 15
23 52
33 3
34 37
38 55
46 60
49 38
51 57
56 54
59 23
68 13
84 24
4 30
6 14
9 52
11 34
12 64
13 78
14 48
17 67
18 59
29 11
30 58
31 97
33 88
35 66
36 22
36 71
41 94
42 48
44 13
46 73
46 79
46 90
51 18
51 68
52 78
53 91
55 36
61 2
62 72
65 51
66 29
67 43
71 65
73 97
74 19
74 85
77 28
77 37
78 16
78 76
84 83
89 32
90 6
92 28
93 90
94 72
96 95
98 35
0 25
0 48
12 26
13 1
16 8
17 84
21 63
23 38
23 76
24 94
27 0
31 48
41 20
43 26
50 28
51 19
52 0
54 62
54 69
56 45
57 93
58 32
59 17
62 66
69 4
73 61
76 0
76 7
80 51
82 15
83 42
85 71
86 20
86 47
87 53
89 62
94 1
96 82
96 90
