201
3 14
4 63
61 5
90 93
0 5
0 18
0 25
0 32
0 39
0 46
0 53
0 67
0 74
0 81
0 88
0 95
4 0
4 21
4 28
4 35
4 42
4 49
4 56
4 70
4 77
4 84
4 91
4 98
10 65
11 2
11 9
11 16
11 30
11 37
11 44
11 51
11 58
11 72
11 79
11 86
11 93
12 23
18 0
18 7
18 14
18 21
18 28
18 35
18 42
18 49
18 63
18 70
18 77
18 84
18 98
19 56
19 91
24 16
24 23
24 37
25 2
25 9
25 30
25 44
25 51
25 58
25 65
25 72
25 79
25 86
25 93
32 7
32 21
32 28
32 35
32 42
32 49
32 56
32 70
32 77
32 84
32 91
32 98
33 14
38 2
38 37
38 51
39 9
39 16
39 23
39 58
39 65
39 72
39 79
40 30
40 44
46 0
46 7
46 14
46 21
46 28
46 35
46 42
46 49
46 63
46 77
46 84
46 91
46 98
47 56
47 70
53 2
53 9
53 16
53 23
53 30
53 37
53 44
53 51
53 58
53 65
53 72
53 79
53 86
53 93
59 56
60 13
60 21
60 28
60 35
60 42
60 49
60 63
60 70
60 77
60 91
60 98
66 44
66 58
66 86
67 2
67 9
67 16
67 30
67 37
67 65
67 72
67 79
67 93
68 23
73 49
74 0
74 7
74 21
74 35
74 42
74 56
74 63
74 70
74 77
74 98
75 28
75 84
80 2
80 51
80 58
80 79
81 9
81 16
81 30
81 37
81 44
81 65
81 72
81 86
81 93
88 0
88 7
88 14
88 21
88 28
88 35
88 42
88 49
88 56
88 70
88 77
88 84
88 98
95 2
95 16
95 23
95 37
95 44
95 51
95 58
95 65
95 72
96 30
96 79
96 86
