109
1 56
3 94
2 21
3 28
27 38
32 82
91 67
92 58
94 78
2 6
9 20
9 68
18 59
18 73
25 5
30 30
32 6
43 15
44 8
49 81
60 70
61 82
62 43
79 34
0 70
2 62
4 84
9 61
14 49
18 10
18 92
19 44
20 15
22 53
22 81
28 73
30 20
31 68
37 91
39 85
40 25
52 12
52 31
57 61
59 12
62 97
64 2
70 87
71 9
71 98
85 16
85 39
88 86
91 3
92 86
93 41
0 13
0 89
1 40
3 1
6 37
7 8
7 99
11 3
20 30
27 89
30 27
30 47
32 17
34 74
36 52
38 0
40 36
42 22
42 76
44 97
45 27
49 50
50 23
50 42
50 75
51 69
51 85
51 93
54 31
57 75
58 17
58 52
59 89
60 62
62 9
68 24
68 62
70 52
71 83
72 1
76 13
77 57
78 22
78 75
78 82
81 51
82 67
84 31
84 78
87 26
87 73
88 12
88 94
