119
66 16
26 5
93 71
13 90
18 93
25 25
25 63
25 75
28 20
36 64
40 23
43 90
47 12
52 38
70 4
75 78
82 17
92 94
1 94
3 23
5 55
7 42
9 18
12 55
15 67
17 13
26 11
27 25
27 75
34 14
38 4
43 97
44 66
45 20
48 50
53 79
54 17
55 51
57 91
58 99
60 56
61 65
67 45
67 72
69 96
76 6
76 60
82 63
84 12
84 92
85 23
86 30
88 82
92 38
93 20
95 9
95 81
0 7
0 38
0 50
0 63
0 84
2 73
3 98
5 62
8 2
8 34
9 79
12 44
16 81
17 18
17 33
17 67
18 5
18 56
19 86
21 39
25 44
26 31
26 90
30 79
31 69
33 54
36 44
38 84
42 4
46 23
47 73
50 31
51 45
52 65
53 23
54 75
56 32
59 1
59 22
60 8
62 29
64 52
64 79
64 93
65 86
67 15
67 22
67 36
71 87
74 72
75 51
77 97
83 49
83 74
86 1
93 64
94 26
94 99
95 17
95 85
96 0
96 35
