115
82 51
38 85
76 85
1 37
2 9
17 80
26 32
38 35
41 7
50 1
61 7
81 19
82 79
91 81
96 92
0 25
1 18
2 43
2 99
3 81
6 38
8 10
8 64
12 20
13 15
15 97
19 46
20 4
20 17
21 53
21 74
28 57
30 8
33 59
34 91
35 21
35 48
35 96
41 63
45 58
45 91
46 12
49 20
51 9
51 31
52 81
55 87
63 23
63 54
66 60
67 67
75 66
77 97
87 13
87 90
88 21
88 64
91 3
94 16
94 57
97 37
1 69
2 86
3 94
8 49
9 2
10 58
11 31
19 22
19 61
21 86
24 16
24 79
27 52
28 72
33 15
34 28
38 1
41 28
41 42
43 72
47 97
49 40
50 22
50 48
51 14
51 58
53 34
55 90
56 77
57 70
58 39
60 83
61 93
63 76
66 14
68 39
70 61
70 71
79 0
79 26
80 36
80 74
81 60
81 99
82 45
83 31
88 50
90 85
95 2
95 25
95 54
95 62
96 45
96 87
