111
11 78
23 67
31 31
55 67
58 21
84 16
87 71
93 28
2 67
5 35
11 12
29 64
38 91
42 35
62 78
65 24
68 89
73 29
75 2
78 80
88 32
88 47
92 12
0 6
1 45
1 54
2 26
4 75
5 2
11 28
25 93
28 25
30 2
34 15
35 67
36 22
50 42
54 36
55 80
55 94
60 52
61 58
63 71
64 35
69 42
70 58
71 14
76 69
77 86
78 46
84 93
87 6
91 95
93 54
95 84
96 77
0 19
2 98
3 43
4 55
5 18
5 30
6 71
7 90
11 9
13 82
14 39
15 17
15 54
15 93
16 28
20 3
20 12
21 40
25 51
26 68
27 58
29 88
30 42
31 49
31 98
33 55
35 11
38 49
39 91
43 78
47 50
48 4
50 59
56 0
56 33
56 44
56 67
56 98
57 9
61 50
62 13
62 96
66 7
66 69
69 20
74 32
75 39
75 52
79 23
84 66
87 20
88 1
95 15
95 46
96 62
