111
18 77
20 47
56 55
56 78
66 64
71 6
88 37
9 5
24 10
24 41
25 52
42 42
54 92
55 22
55 29
60 86
71 46
78 21
92 36
96 11
97 22
2 53
2 64
2 70
6 19
13 35
14 53
22 82
28 19
33 54
35 77
39 4
39 83
41 11
42 21
43 50
45 34
47 56
48 80
51 61
54 43
55 38
56 51
56 95
59 76
62 18
62 38
66 74
68 56
70 24
71 0
72 41
74 71
75 52
77 60
78 2
81 20
83 44
87 22
92 46
96 89
0 92
1 0
5 83
6 31
6 94
7 75
11 99
14 58
16 13
16 94
23 59
25 72
27 4
27 41
27 94
28 10
33 20
34 64
38 76
41 68
43 14
45 5
48 74
52 60
53 68
58 3
58 10
58 57
58 98
63 22
63 92
64 34
65 10
68 65
70 80
73 93
77 99
79 75
81 9
81 88
82 61
82 95
83 33
85 69
88 5
89 51
94 98
95 30
95 54
96 64
