118
24 38
30 47
38 54
3 82
17 5
27 92
28 0
28 22
33 27
38 7
52 96
56 7
59 59
60 95
61 69
63 33
64 6
71 59
94 31
0 9
1 34
4 70
6 56
8 25
9 10
13 39
16 79
18 96
20 56
21 13
24 32
25 8
36 39
37 17
40 41
41 50
42 90
50 29
51 0
52 51
55 71
60 11
63 80
65 97
67 8
67 50
69 0
72 95
73 39
76 20
81 16
82 80
84 89
85 56
88 72
90 12
93 46
94 82
95 90
0 44
0 87
1 94
4 74
5 37
6 49
7 79
9 32
10 67
11 18
12 73
12 91
17 0
20 19
20 69
22 47
23 27
25 37
25 64
25 86
26 56
28 13
30 51
31 95
34 62
34 83
37 0
39 67
40 56
41 15
41 82
44 39
47 46
48 20
51 56
53 38
53 49
53 83
59 87
60 38
63 61
65 21
65 30
66 80
67 71
67 90
68 64
70 11
76 62
76 98
77 50
78 33
78 68
82 7
82 42
82 63
85 50
95 20
96 40
