114
74 35
88 44
1 25
3 37
7 45
8 25
15 65
22 29
27 15
46 34
54 31
66 88
70 23
73 82
76 13
78 98
85 68
86 80
92 24
96 38
0 50
0 82
4 21
6 81
7 5
11 51
12 40
16 55
17 68
17 83
18 15
18 47
24 72
31 88
37 26
39 83
41 6
44 55
47 22
49 77
49 83
51 64
52 18
58 41
60 17
60 50
60 59
65 48
68 61
68 71
71 44
71 52
77 40
78 77
79 31
79 88
81 11
83 97
85 19
87 89
89 54
92 47
93 89
96 75
0 11
0 29
0 38
0 59
0 92
5 64
6 32
8 59
17 11
19 62
20 0
20 23
22 47
22 79
22 93
23 39
25 67
27 54
28 25
29 36
30 13
32 46
35 95
38 50
39 13
41 63
45 42
46 91
47 11
50 6
52 24
52 77
53 0
53 12
54 87
60 23
60 74
63 40
63 82
64 97
66 19
69 93
70 5
79 52
79 71
81 31
85 40
91 13
92 30
94 45
