119
2 14
25 19
68 47
10 33
15 76
18 50
27 82
30 28
30 88
34 46
55 32
60 11
60 66
63 55
73 79
74 62
78 14
78 83
79 31
95 93
97 75
0 89
1 41
3 71
4 78
5 10
5 28
5 99
10 47
18 89
22 5
23 42
23 92
25 63
27 47
30 4
32 15
34 39
34 70
36 51
38 2
47 80
48 69
52 60
57 94
58 71
59 79
60 45
61 88
62 25
67 92
68 2
71 42
75 20
78 42
80 65
83 8
86 80
89 13
90 6
91 35
97 65
0 23
0 59
0 80
1 48
2 37
5 43
6 7
6 55
6 92
7 18
8 98
9 68
13 2
14 18
20 30
20 82
27 70
29 77
31 23
31 98
32 92
35 78
40 97
43 84
45 14
46 37
47 97
49 25
51 90
52 45
53 0
53 57
53 64
54 38
59 6
60 35
61 51
63 97
64 9
64 82
67 28
67 55
68 35
69 96
74 47
77 78
79 86
80 73
84 62
85 53
86 95
87 21
94 9
95 0
95 21
95 57
96 41
