115
0 32
18 65
76 38
1 4
3 21
7 68
13 12
23 43
27 53
31 6
36 99
37 71
43 14
47 19
47 45
64 89
76 89
79 27
79 79
94 15
1 39
5 11
5 62
5 79
8 54
9 24
9 90
14 60
19 32
25 76
25 94
26 27
30 37
31 48
31 57
38 14
39 2
43 84
46 93
49 2
50 70
51 21
55 61
55 92
57 5
57 72
59 31
60 40
65 30
65 43
70 33
76 52
77 67
79 43
80 85
81 60
85 11
85 47
86 92
90 51
92 87
94 53
0 49
0 93
4 35
4 99
6 71
10 47
17 20
19 49
20 4
21 98
27 32
28 0
28 22
31 65
34 23
34 87
35 57
37 49
37 81
39 69
43 25
43 40
46 49
50 9
51 40
52 27
52 47
53 53
56 10
57 77
59 52
59 92
60 63
62 17
63 81
65 97
67 51
67 58
69 16
72 7
77 20
77 93
80 28
81 3
82 75
86 65
87 1
88 23
89 38
93 44
95 96
96 20
96 30
