111
67 20
15 23
28 55
46 39
50 94
52 64
87 40
94 23
5 53
6 59
16 67
18 30
20 87
32 78
39 78
40 44
42 91
54 25
54 51
55 6
59 70
65 44
77 60
91 74
96 14
0 91
1 23
3 43
5 19
7 96
13 88
14 51
15 98
21 53
22 84
24 93
25 14
25 29
32 39
33 94
38 99
42 58
46 79
47 69
54 33
63 16
63 65
70 50
73 43
74 74
75 8
79 36
81 99
85 22
85 86
87 53
88 43
92 83
93 2
96 71
0 9
0 32
0 77
5 1
6 32
9 73
11 13
11 93
13 80
16 20
17 6
24 76
26 10
26 24
27 59
31 46
33 8
33 27
33 56
36 50
37 72
39 16
42 7
42 31
45 57
46 18
50 13
52 42
52 69
54 93
56 12
58 25
58 76
67 16
67 26
67 88
68 35
68 94
72 54
77 12
78 67
81 34
83 63
83 74
90 7
91 95
92 54
94 28
94 75
94 82
95 39
