90
79 90
83 76
80 45
80 97
83 35
26 10
28 42
61 43
69 88
78 64
83 28
88 80
92 7
93 85
13 11
15 18
15 26
17 45
48 22
51 6
51 42
53 19
69 34
70 45
73 96
76 16
78 2
78 57
80 11
84 23
97 6
0 2
15 35
24 15
47 35
48 26
50 14
53 38
57 49
58 27
65 71
67 15
67 54
70 26
71 79
72 71
73 86
75 49
80 69
81 44
81 55
83 16
87 49
88 31
88 74
89 93
90 61
92 56
0 6
0 16
2 28
7 34
8 5
15 12
15 50
17 6
19 44
24 24
32 12
37 33
47 0
49 24
54 3
59 27
64 63
65 8
69 60
72 27
78 86
80 62
82 8
82 72
84 0
84 21
86 99
92 69
93 44
94 80
95 13
95 30
