97
97 1
2 3
33 39
86 90
88 50
9 10
13 76
14 54
49 6
54 31
94 78
3 54
6 2
7 64
15 43
17 17
19 93
21 51
23 34
27 65
38 1
42 96
45 24
45 40
53 43
62 0
67 37
75 30
79 6
82 58
1 97
2 10
4 20
22 85
25 44
25 76
30 20
31 33
32 7
35 15
48 75
57 60
58 24
61 88
64 51
68 58
69 21
69 90
70 67
74 52
75 18
75 47
80 40
83 19
90 34
90 54
14 79
19 64
22 56
24 23
27 90
33 58
34 78
34 99
36 20
36 89
38 67
39 56
40 32
43 10
45 68
46 57
48 97
49 23
51 79
52 52
53 92
54 10
55 3
56 46
58 97
59 81
60 65
64 9
65 29
66 43
70 2
73 72
76 89
76 97
79 80
81 53
84 27
88 11
90 23
91 89
92 34
