111
42 88
49 52
50 37
69 44
1 22
7 98
10 80
14 32
18 44
23 22
31 18
31 42
34 67
36 23
43 48
47 20
51 66
51 91
53 81
55 77
60 43
65 32
66 91
91 75
95 73
0 28
0 59
8 36
8 55
12 75
17 63
18 33
22 25
22 52
29 88
30 6
31 33
33 13
39 56
44 13
52 45
58 56
58 93
60 7
64 83
66 13
68 69
69 34
70 50
74 87
76 33
76 73
78 65
79 17
80 5
84 10
86 64
94 6
95 86
0 47
0 95
4 18
5 27
7 64
8 40
9 14
10 93
11 4
11 58
14 84
23 78
25 47
27 93
31 39
33 1
35 19
35 61
35 75
37 42
39 27
39 69
41 18
41 35
43 74
45 90
47 16
51 97
52 88
55 36
58 77
58 86
61 99
66 6
68 60
70 40
74 46
79 35
79 74
82 80
83 43
84 18
85 34
85 59
86 48
87 67
87 86
91 16
93 51
94 29
95 97
96 21
