113
7 16
17 5
43 39
56 40
73 81
1 65
6 22
13 94
28 58
28 87
29 15
34 90
43 49
62 50
67 59
68 2
68 9
77 96
82 79
85 70
87 40
1 35
2 7
4 39
5 49
8 77
12 51
12 83
13 25
13 32
15 13
16 73
17 86
21 67
23 49
27 71
29 79
31 72
32 48
35 12
38 24
38 35
41 8
41 63
42 76
45 8
56 57
57 35
61 11
64 33
68 66
68 77
71 49
77 45
81 88
86 92
88 65
89 94
92 28
92 60
94 75
0 71
7 64
14 56
15 31
15 41
16 62
17 97
18 83
19 89
22 46
23 23
23 31
27 4
27 61
28 34
36 88
37 42
37 53
39 93
41 22
42 57
44 16
44 97
46 73
49 9
49 19
49 88
52 46
53 72
54 66
56 28
56 82
57 93
59 63
63 95
68 14
69 20
69 27
69 36
71 85
74 64
75 10
77 26
78 36
83 28
84 51
87 3
88 43
90 88
91 32
92 6
95 68
