116
51 87
53 35
62 51
66 17
75 42
12 96
14 50
18 95
20 77
30 90
33 29
35 70
39 13
39 79
49 7
58 7
78 3
79 90
88 55
91 85
2 21
4 37
6 6
8 59
11 40
15 9
20 58
20 68
22 30
22 44
26 4
26 69
36 5
36 64
40 44
41 53
46 31
47 59
47 95
49 78
53 54
54 18
54 97
57 33
59 63
60 87
66 67
68 3
70 53
71 61
79 70
81 78
88 66
89 13
91 47
92 76
97 84
98 55
98 65
0 9
0 59
0 91
1 75
3 87
3 96
6 81
9 21
9 64
11 88
17 6
17 18
17 87
18 36
24 51
24 62
25 85
28 38
28 98
29 11
31 49
32 25
33 89
38 26
38 97
39 15
40 85
44 70
45 11
46 45
49 29
49 77
52 2
52 71
60 24
61 13
62 75
63 48
64 30
68 12
71 65
71 99
72 17
73 37
74 83
78 47
80 85
81 73
83 29
83 96
84 58
88 42
90 9
94 30
94 38
94 45
96 8
