96
25 14
16 25
6 13
1 2
4 57
16 78
21 83
28 19
29 4
75 18
1 21
11 19
11 26
11 53
12 89
13 98
17 68
19 10
24 63
50 89
53 5
67 91
74 25
95 31
0 66
7 73
9 63
13 2
17 51
18 18
19 71
23 93
26 76
48 65
51 98
54 23
56 12
58 76
58 95
59 27
59 51
60 44
60 69
63 13
64 38
66 66
68 85
72 65
75 84
78 59
79 31
80 22
83 71
84 55
85 9
86 82
87 48
88 21
88 76
90 60
92 1
93 9
97 37
97 54
0 24
0 80
1 90
2 96
7 93
12 61
13 94
16 89
22 29
23 11
23 52
25 99
26 85
50 83
62 6
64 81
65 97
66 35
67 50
68 5
71 94
73 47
77 7
80 17
83 41
83 52
90 26
91 78
93 71
94 60
95 10
96 45
