114
0 5
43 40
3 80
7 11
12 32
15 47
17 67
21 24
26 18
26 75
30 50
33 86
41 89
49 83
50 76
51 62
56 24
64 66
66 79
77 58
83 14
85 4
86 57
91 63
97 2
5 96
16 16
18 79
19 8
19 39
27 3
27 26
33 13
33 40
35 34
36 81
37 50
42 32
43 60
49 46
50 12
53 33
54 95
57 9
59 47
60 86
62 17
69 55
70 78
71 32
71 83
72 92
76 86
78 94
79 63
81 81
82 37
86 16
86 42
94 63
95 48
96 39
96 79
0 0
0 45
0 49
2 58
3 19
3 26
3 87
4 3
6 79
9 22
9 71
10 12
10 97
15 30
20 99
21 9
23 32
24 57
30 68
33 25
34 56
35 43
44 27
44 40
45 68
46 57
49 4
53 69
55 37
57 58
57 79
60 9
60 46
60 96
63 1
63 40
67 19
70 40
71 30
71 53
71 99
76 9
81 86
82 30
83 92
84 50
88 38
90 91
94 9
96 15
96 23
