112
2 85
7 40
44 3
67 85
90 56
10 84
22 73
37 38
39 47
51 10
51 45
64 58
66 4
74 20
84 91
90 29
96 25
96 60
96 78
0 27
0 60
0 93
1 8
2 17
6 99
9 73
13 89
17 62
19 93
24 27
24 83
26 43
26 61
34 69
42 58
43 31
43 50
44 70
46 41
47 94
50 22
50 83
52 67
54 87
55 37
58 65
59 44
66 30
69 58
69 92
76 43
77 74
81 76
82 48
82 64
84 11
95 11
95 42
95 71
1 47
1 63
2 3
4 24
8 31
9 39
11 69
12 51
16 41
18 22
21 99
24 54
25 76
26 68
28 21
28 48
29 9
29 62
30 1
34 22
34 74
34 84
38 9
45 99
46 61
51 97
52 0
54 91
56 56
61 96
64 50
65 11
65 37
69 4
70 95
71 67
72 32
74 22
75 60
77 5
81 26
81 33
81 54
82 2
82 41
85 87
88 24
89 35
89 61
94 53
95 19
96 6
96 88
