111
29 27
65 54
34 50
37 8
49 26
90 94
93 72
8 81
10 27
16 62
17 20
18 51
25 43
26 78
35 78
39 14
41 35
48 82
51 31
53 41
70 85
75 68
83 96
84 33
90 16
1 36
4 50
7 16
12 91
14 24
15 68
19 36
30 10
31 69
32 40
36 46
39 59
42 40
44 17
48 92
50 7
55 2
56 12
63 97
65 17
67 61
68 47
68 77
72 42
78 20
85 54
87 42
88 60
96 33
97 24
0 15
0 84
3 43
3 73
5 55
7 64
8 98
10 47
11 11
15 74
15 86
18 4
18 61
18 92
20 27
20 82
21 12
22 36
25 1
25 49
26 63
32 3
38 22
38 82
42 64
48 54
48 75
49 96
50 66
51 23
52 85
57 81
58 74
58 88
59 1
68 5
71 73
73 60
74 35
75 9
75 43
77 88
78 24
79 78
82 12
84 69
84 86
86 25
88 0
88 8
90 84
91 77
92 59
94 52
95 98
96 3
