111
4 65
51 52
27 52
29 95
34 43
87 97
0 91
2 49
16 35
27 24
29 13
44 40
44 91
45 28
49 0
53 15
56 24
64 76
75 84
78 71
89 33
92 46
0 60
4 13
6 3
7 46
9 31
11 39
13 72
15 5
16 24
18 59
20 90
25 83
31 68
34 77
36 31
43 84
47 55
51 25
51 85
55 94
59 89
60 69
61 32
61 44
67 54
73 27
76 22
81 81
82 59
87 12
91 60
92 80
93 38
95 6
95 24
96 92
97 59
0 29
0 96
3 93
5 66
7 59
8 48
10 78
10 99
19 47
19 66
19 93
20 11
21 75
22 32
25 3
25 58
30 17
30 62
31 82
32 4
34 11
41 15
42 3
44 34
50 39
52 0
54 64
56 47
56 81
57 38
58 2
58 16
60 62
62 83
62 94
69 38
69 55
69 67
70 0
71 9
72 46
72 94
75 41
75 89
79 24
81 51
87 16
87 71
90 99
94 70
96 32
96 42
