88
95 35
94 2
27 18
37 26
95 28
26 94
27 6
66 26
56 93
27 59
36 2
55 73
84 37
93 73
96 45
9 53
26 2
26 83
50 26
54 0
56 27
83 1
83 26
84 71
92 54
94 22
0 73
4 82
11 87
14 85
15 60
16 36
25 12
25 36
25 48
25 73
34 84
47 84
50 94
57 35
58 84
61 28
71 14
71 83
82 16
83 57
84 47
90 64
92 9
0 9
0 33
0 57
2 27
2 92
7 42
9 94
12 74
14 26
14 49
16 4
16 43
16 95
23 53
24 65
24 99
25 89
26 81
35 17
36 91
39 85
43 51
44 58
47 38
55 96
57 3
59 15
59 82
60 72
60 92
71 58
71 95
72 36
79 7
82 99
87 25
89 17
92 93
93 38
