116
31 61
38 6
39 71
65 26
0 42
6 1
19 36
21 41
22 52
34 77
38 88
40 34
44 10
44 42
50 62
55 73
59 64
61 10
73 24
76 46
88 4
0 90
4 84
5 41
5 69
8 87
9 49
10 63
11 18
14 53
21 65
23 57
24 31
26 91
28 66
29 54
38 81
41 51
42 20
45 27
52 23
53 43
66 57
68 97
70 81
70 87
79 23
79 78
80 34
82 95
85 37
85 51
90 25
90 67
91 35
92 22
92 93
94 74
95 54
0 6
0 32
0 48
1 28
7 8
8 36
9 14
9 29
10 91
13 59
15 48
15 81
16 93
19 5
23 76
27 3
31 47
32 21
32 64
34 57
36 13
40 39
41 79
42 1
42 91
42 99
45 54
46 30
47 4
51 60
52 86
55 27
55 79
55 93
58 19
59 86
60 65
65 13
66 19
66 28
68 77
70 39
70 53
71 60
76 14
76 49
76 64
79 9
80 75
82 43
86 17
87 10
91 80
92 2
92 13
95 45
96 66
