103
57 25
9 36
42 56
51 34
54 94
82 64
93 36
1 10
2 67
6 24
10 52
15 34
31 91
33 30
45 66
53 88
54 47
59 53
59 66
67 83
75 70
76 49
77 28
90 75
95 85
0 28
0 51
8 42
8 66
8 72
12 26
16 52
19 39
20 63
21 31
24 96
27 15
27 52
32 82
34 11
36 4
42 24
42 78
43 2
44 45
49 65
64 51
65 14
73 88
74 38
75 57
80 82
87 45
88 18
88 86
90 25
92 10
96 45
96 51
96 92
0 18
0 92
3 78
7 92
10 13
10 97
12 78
14 72
17 10
18 56
26 18
26 72
28 59
34 87
39 70
41 10
42 37
45 50
47 99
48 41
49 11
51 31
55 82
55 98
56 90
57 60
58 14
59 35
61 97
66 5
67 79
69 13
70 22
70 62
71 97
75 19
76 12
79 6
80 89
82 69
83 98
90 76
95 34
