114
87 5
2 83
93 28
94 12
11 49
19 45
26 65
28 14
30 93
34 72
36 7
42 55
44 16
53 73
54 29
57 10
62 82
69 4
71 26
76 10
80 22
82 29
93 37
94 71
0 35
2 11
4 20
4 73
6 89
12 55
15 92
18 4
26 58
30 29
34 79
40 65
41 82
45 93
49 80
51 52
55 36
55 97
57 69
58 61
60 4
60 39
60 54
64 99
68 68
69 79
74 98
76 47
78 91
79 73
80 54
82 17
84 62
85 83
95 41
97 50
97 56
0 40
0 49
0 86
3 60
6 40
6 74
6 96
7 1
7 24
10 18
13 79
16 72
19 88
21 48
24 37
24 75
27 66
28 0
28 20
28 82
31 99
32 50
34 17
36 38
37 32
39 10
40 3
40 49
42 20
42 42
44 60
47 0
48 14
50 22
54 16
55 49
57 21
58 27
58 75
58 90
63 36
67 15
67 41
69 60
70 86
73 1
80 45
84 51
87 8
88 23
88 91
92 18
96 84
