113
34 42
7 70
13 90
44 60
47 91
87 23
92 90
0 48
18 98
25 80
34 76
40 97
43 35
50 37
51 85
60 65
66 49
67 75
68 33
70 55
71 23
72 91
78 48
89 51
0 22
2 65
3 80
7 54
11 80
13 44
14 32
17 56
18 90
19 3
26 8
26 85
27 33
27 64
30 15
33 7
33 85
34 35
42 87
46 50
48 19
51 95
55 57
55 84
56 76
56 99
60 18
73 26
78 83
79 58
82 43
83 69
83 84
86 57
87 4
0 3
0 13
0 31
0 91
1 99
2 87
6 3
6 21
7 69
8 14
12 19
12 61
16 26
17 72
21 59
25 40
25 53
26 73
30 58
31 64
33 18
35 38
36 49
36 57
37 29
38 14
42 74
45 5
45 59
47 51
50 64
62 58
65 17
66 79
67 7
68 59
68 98
69 0
76 75
77 11
78 97
79 34
83 44
83 79
85 11
85 95
88 29
88 38
89 71
90 83
92 13
92 96
96 75
96 89
