108
70 3
14 39
59 42
65 93
84 47
90 5
94 37
7 48
14 45
24 22
29 92
32 45
33 54
38 91
48 58
50 86
65 73
66 18
67 62
69 80
75 24
80 13
82 86
84 32
88 88
94 15
95 60
0 11
0 49
3 36
4 62
8 91
9 97
11 69
17 32
17 98
19 9
22 88
28 72
33 62
37 1
38 71
42 18
47 28
52 35
53 80
64 36
65 86
71 8
77 96
78 65
81 70
92 7
95 86
0 97
1 55
3 26
3 76
7 5
13 2
13 66
14 80
21 2
27 29
29 96
31 19
32 86
35 53
39 33
39 62
43 75
44 13
44 45
46 3
47 18
49 48
51 94
52 13
53 27
53 62
56 97
57 53
58 15
58 45
58 66
59 79
64 30
64 47
66 71
71 44
71 91
74 6
74 21
75 31
78 53
79 76
80 63
85 14
85 40
86 30
87 81
87 97
88 54
93 80
94 63
95 17
96 11
96 25
