104
38 67
31 19
46 73
50 39
54 70
90 93
95 4
9 60
22 98
26 73
30 83
31 44
35 87
39 93
45 63
49 18
51 23
60 6
67 23
74 55
78 85
79 96
83 32
93 64
95 10
96 90
0 39
0 55
9 9
13 33
13 71
15 89
16 21
23 4
23 56
29 60
35 46
39 0
40 11
44 16
44 51
46 26
48 81
51 95
53 46
55 86
65 38
66 63
67 88
71 65
72 16
72 79
80 91
81 11
84 95
88 21
89 4
90 49
90 55
93 37
94 17
0 92
2 30
3 22
4 52
6 95
7 42
11 83
12 57
15 77
20 85
21 24
22 49
24 13
25 1
26 39
26 92
29 7
32 33
32 52
33 78
36 85
41 89
54 72
61 17
62 74
65 3
66 99
72 32
72 69
73 6
73 94
77 41
78 56
78 68
79 62
85 68
86 85
89 22
91 47
93 82
94 56
95 62
96 29
