107
11 2
39 58
58 22
61 95
65 12
3 99
8 30
13 85
14 43
20 68
23 30
33 45
33 96
35 85
38 90
39 10
46 31
47 8
53 15
54 59
57 34
67 70
73 67
88 83
92 22
0 37
1 21
5 84
6 16
6 97
8 38
15 56
18 16
18 97
19 24
21 86
24 60
25 46
28 6
33 53
33 63
35 70
40 64
41 79
43 16
45 46
46 53
53 46
54 94
59 7
60 40
61 83
67 41
71 28
75 77
78 67
78 92
79 34
79 55
89 48
94 30
95 65
97 37
0 49
0 54
8 76
13 0
15 49
16 63
18 73
19 5
23 42
24 67
25 86
29 11
30 76
31 36
33 24
36 33
42 70
43 1
43 24
46 76
48 7
48 41
50 86
54 97
55 61
61 19
62 1
64 7
64 89
67 60
67 84
72 4
72 27
77 16
77 23
80 88
82 3
82 65
86 36
87 0
87 7
93 11
94 84
95 52
