111
66 42
82 77
1 13
23 29
23 63
28 96
29 22
31 85
38 67
40 43
41 59
44 14
72 89
73 55
74 72
75 32
88 15
0 62
3 41
8 31
12 93
13 24
14 12
14 67
16 88
20 20
24 42
29 75
31 16
32 3
32 65
35 51
41 35
41 97
42 2
45 70
46 38
46 83
50 67
51 2
55 92
56 24
56 36
56 50
56 80
59 0
62 87
63 35
64 17
64 48
67 95
69 68
71 39
72 4
74 96
77 38
79 14
83 32
83 54
83 83
84 7
90 56
91 68
92 14
92 39
92 47
94 75
97 6
0 0
0 76
2 10
2 60
4 43
5 73
6 15
7 57
12 39
14 97
15 3
17 59
21 1
21 37
23 46
24 12
24 58
26 27
27 99
30 32
34 13
36 74
38 25
44 19
44 26
46 53
51 32
53 72
59 67
59 99
62 11
65 83
66 45
66 61
74 47
80 43
83 75
84 22
89 92
90 29
93 52
93 79
95 22
