107
84 73
60 55
37 94
42 25
42 35
92 33
3 21
3 91
6 6
18 43
24 86
32 27
34 21
40 69
41 50
44 94
61 74
67 67
76 35
92 68
3 42
3 98
7 50
8 84
15 94
22 94
23 39
27 69
28 6
29 52
31 79
31 88
32 34
33 47
34 58
38 14
38 85
49 30
49 93
51 70
55 9
56 83
58 46
60 5
65 37
65 85
65 93
66 51
66 73
69 8
71 88
75 13
75 83
77 29
78 3
78 91
79 54
80 47
83 7
85 84
86 15
89 94
91 7
91 60
94 50
95 92
97 5
0 37
0 64
1 57
1 72
10 30
10 76
11 18
16 21
17 62
19 49
28 42
28 94
29 15
34 23
35 33
36 3
38 18
39 99
40 59
44 37
44 68
46 12
48 51
52 24
55 32
55 97
56 86
66 25
67 49
69 61
69 97
72 74
77 19
79 41
83 3
88 40
89 23
93 56
95 67
96 10
