113
11 11
17 31
20 44
6 71
15 5
24 86
25 58
26 49
33 23
33 83
40 28
47 45
59 35
61 20
66 32
74 61
78 13
79 34
81 20
81 72
92 66
96 36
0 19
1 12
1 87
2 96
3 76
9 30
20 1
20 74
21 32
22 4
29 69
30 33
36 87
48 54
48 68
50 39
53 13
53 26
54 84
61 1
61 11
62 77
69 78
71 26
72 12
73 83
78 5
83 39
86 48
88 85
89 1
89 14
93 76
94 60
94 89
95 48
96 7
3 48
4 19
5 37
6 59
9 24
9 43
10 90
11 68
12 49
13 55
17 82
18 26
18 64
21 12
21 20
21 42
23 77
26 56
28 94
30 6
30 47
34 61
36 38
36 94
38 56
38 69
39 0
41 46
42 76
47 6
51 20
54 89
56 83
58 51
61 43
61 72
62 60
64 85
65 52
67 91
70 43
71 2
78 94
79 11
80 58
84 73
86 23
87 46
88 33
92 19
94 27
94 67
95 79
96 97
