108
33 32
71 94
6 48
32 38
2 96
4 4
5 73
7 17
15 20
16 38
19 2
33 91
38 48
43 7
44 40
49 51
53 97
63 55
64 4
70 60
72 79
74 17
78 48
80 34
96 22
1 32
3 25
7 8
8 84
14 60
16 24
16 70
17 44
17 50
26 7
26 26
28 67
33 73
38 33
38 66
49 70
51 35
52 74
53 44
60 18
63 28
63 74
63 81
68 5
71 90
74 30
75 63
75 72
80 22
83 53
87 41
88 64
88 74
90 3
94 79
96 92
0 0
0 10
1 63
6 1
6 90
8 41
9 30
11 97
12 11
16 28
18 98
20 21
20 81
22 93
24 86
30 85
32 9
32 42
33 17
33 97
34 1
34 78
38 57
41 28
42 95
49 61
52 21
53 52
55 28
55 95
56 68
59 40
61 62
61 90
62 13
66 78
68 46
71 4
76 97
80 2
88 46
89 38
91 12
94 54
94 98
95 30
96 23
