105
14 74
26 61
43 87
49 48
64 75
74 54
4 2
4 48
9 78
13 45
14 24
15 8
27 87
33 3
37 14
45 20
49 27
49 94
52 8
60 8
65 82
77 41
87 31
87 67
91 92
95 8
1 11
5 54
9 85
13 90
13 99
15 80
18 35
20 67
20 76
21 50
30 48
34 26
34 36
34 41
36 95
41 67
42 81
46 38
52 73
53 22
55 55
56 83
59 19
59 68
61 39
64 24
65 64
66 16
74 8
74 87
75 24
76 72
81 20
83 11
83 56
87 25
94 73
3 29
3 93
5 9
7 70
10 15
13 60
14 1
16 10
18 98
20 26
22 14
28 17
31 8
32 69
39 45
40 2
40 59
42 15
45 98
49 14
51 32
53 99
56 76
58 88
60 46
61 94
63 4
63 51
68 31
69 15
70 45
71 78
74 66
74 95
78 80
80 91
85 45
90 49
92 93
93 23
94 34
94 65
