111
5 37
12 45
24 73
39 80
47 25
4 80
19 48
20 34
29 7
34 92
38 3
39 69
44 76
49 69
57 52
58 28
60 8
64 67
69 13
70 33
73 77
76 9
89 53
90 5
2 93
4 7
4 45
4 55
9 83
11 3
15 14
15 89
19 53
23 77
25 26
28 34
29 87
31 52
34 58
38 25
44 3
44 63
47 55
49 29
50 52
54 76
59 85
60 37
61 23
68 51
69 19
71 2
72 26
73 89
74 46
75 65
79 5
81 26
83 86
87 31
92 18
92 96
93 59
97 27
0 62
0 72
2 69
3 99
10 38
11 79
12 21
16 61
17 91
20 14
20 66
24 59
24 98
28 16
30 48
32 41
36 53
40 40
40 83
40 99
42 14
46 92
47 19
48 41
54 96
56 14
56 59
59 78
67 84
67 97
77 99
79 38
79 49
79 91
82 18
85 43
85 69
85 98
87 50
87 89
88 82
89 26
90 73
93 1
93 67
93 78
94 99
