113
97 3
8 96
11 4
50 9
51 74
91 91
3 57
4 42
8 79
11 88
13 13
22 29
23 10
23 52
27 40
41 87
45 65
54 78
60 47
71 51
72 59
80 7
82 91
83 12
85 72
90 75
0 14
6 58
13 32
21 86
24 97
26 6
27 78
28 86
29 67
30 26
31 4
33 56
37 18
38 50
41 30
47 25
48 88
51 85
52 35
58 13
58 67
61 18
63 81
66 67
68 29
69 11
77 47
84 27
86 63
87 17
89 32
92 50
97 82
0 21
0 75
0 84
1 0
4 71
8 47
8 98
9 77
11 53
11 93
14 35
15 11
16 46
18 25
20 66
22 20
31 76
32 42
32 93
33 34
36 2
36 9
38 78
42 11
43 32
44 55
45 40
45 62
46 19
49 48
54 2
55 27
57 98
58 72
60 54
64 86
65 22
68 76
70 83
72 37
75 97
76 15
78 35
84 89
85 46
86 11
87 68
87 83
89 21
90 29
91 40
93 75
95 24
95 34
