104
11 11
71 41
15 43
20 56
30 10
42 17
85 67
3 62
6 14
10 29
10 51
10 95
19 62
22 79
23 27
23 46
40 40
43 81
44 65
48 49
63 79
66 8
69 58
84 39
0 28
4 56
6 74
8 81
13 5
13 55
13 97
19 41
22 98
30 59
31 31
36 77
38 70
40 51
41 94
44 29
49 21
49 62
51 86
53 34
55 42
62 61
63 73
63 94
64 42
66 34
69 1
72 13
72 75
76 44
76 56
79 0
86 12
91 34
91 44
91 51
91 91
94 83
96 55
0 90
2 47
6 67
7 37
12 85
13 32
19 83
26 88
28 43
34 24
35 45
35 60
37 9
41 59
45 41
46 6
49 68
50 50
53 19
54 65
56 75
58 85
60 99
64 68
66 48
66 83
70 63
73 21
73 99
75 9
75 76
80 19
80 51
80 91
81 77
83 30
86 62
87 97
94 25
95 98
96 12
