106
10 73
30 58
55 67
61 56
63 66
75 37
91 40
2 18
18 48
25 13
31 34
34 61
36 71
38 27
40 22
44 62
60 45
63 78
64 49
74 24
90 75
93 88
94 10
0 3
0 50
4 40
4 66
7 26
11 20
14 43
17 24
17 96
21 45
21 56
26 91
27 1
27 22
28 50
40 74
42 92
44 7
45 25
46 49
46 69
50 30
55 15
55 25
55 83
58 62
63 21
63 86
70 92
72 84
73 64
75 96
81 56
81 63
84 3
84 33
87 95
90 53
93 29
93 44
93 77
4 46
4 99
5 33
9 0
10 68
11 37
13 86
16 1
17 28
20 83
22 37
26 82
27 70
28 47
34 1
36 51
36 89
37 31
37 66
41 99
43 75
46 9
46 96
47 41
48 63
51 55
51 75
56 9
58 33
64 7
67 18
69 68
72 13
73 4
73 54
74 91
78 24
80 82
82 12
85 1
94 36
94 55
