111
4 7
45 58
86 17
92 18
2 47
3 59
12 73
15 41
17 96
20 31
22 12
22 18
26 29
30 59
35 65
36 94
37 14
38 35
38 58
44 92
45 47
46 87
50 53
52 64
52 97
69 44
71 72
84 95
91 36
0 65
9 0
15 23
17 68
33 80
40 16
41 25
41 78
49 5
51 81
53 20
55 88
57 35
64 88
66 22
67 37
71 91
72 78
79 10
82 56
91 46
92 83
93 76
0 15
0 27
0 96
2 76
3 86
6 49
7 93
9 17
10 64
12 88
13 36
15 47
17 5
19 42
20 24
20 75
20 85
26 43
26 88
27 19
27 27
27 76
28 13
28 53
33 32
33 74
34 7
37 97
44 18
45 33
47 71
49 15
51 2
53 67
57 41
57 74
62 2
62 71
71 57
72 86
73 36
73 48
73 66
75 18
75 26
77 97
81 67
82 0
82 83
84 61
87 12
90 29
90 59
92 6
92 53
93 41
93 92
94 13
96 36
