108
68 64
85 24
1 78
32 95
94 13
3 14
9 52
9 97
30 72
31 63
34 52
48 29
49 21
49 85
52 74
53 5
53 38
64 60
66 22
67 54
76 3
76 9
77 58
78 47
93 22
1 47
1 63
4 88
9 81
11 29
12 85
17 47
19 54
20 84
25 80
27 47
28 86
30 12
32 78
35 43
35 62
38 93
44 44
44 57
55 78
58 54
60 8
60 72
60 87
66 76
69 35
70 82
75 91
79 52
82 92
83 20
86 30
92 43
96 18
0 38
3 59
4 16
5 8
5 22
6 64
10 4
10 93
15 71
16 12
16 92
19 35
20 26
20 76
23 3
23 89
31 6
35 38
39 32
42 25
42 87
45 66
45 94
46 10
50 27
51 13
53 2
55 92
57 27
59 40
62 31
62 99
63 2
66 69
68 97
69 18
75 80
77 66
81 85
83 13
83 56
86 96
88 37
92 98
93 28
94 2
94 38
95 74
96 64
