108
4 34
21 31
35 37
60 55
70 14
16 11
18 2
23 44
30 58
31 29
33 11
34 78
36 51
44 27
47 2
47 85
51 76
62 32
62 80
67 74
69 55
70 25
75 90
0 7
4 25
6 47
7 79
10 52
11 44
14 70
16 26
17 91
19 37
21 79
33 28
35 20
35 70
38 77
41 96
48 52
48 65
53 28
53 84
55 89
56 39
56 46
60 24
63 4
66 84
69 68
72 47
74 18
76 35
77 3
78 81
80 13
80 74
84 1
86 6
87 76
88 83
90 28
91 53
97 64
0 36
0 61
0 69
0 78
3 58
8 6
13 42
15 57
20 54
28 82
34 43
35 8
35 89
37 68
38 62
39 81
42 10
42 37
43 19
43 73
43 96
44 44
49 59
55 97
56 1
60 75
61 60
62 45
65 33
67 96
72 27
78 41
78 64
78 97
84 47
85 17
85 95
86 88
88 60
89 37
92 11
92 77
93 23
95 0
