110
8 44
11 37
20 22
27 50
91 2
14 33
15 10
25 84
27 32
34 33
37 58
37 86
39 64
44 78
47 32
49 21
53 74
56 47
58 16
61 90
65 42
67 94
79 29
94 43
3 0
3 82
3 89
6 16
10 1
10 25
13 55
13 65
19 78
22 69
24 11
24 93
24 99
28 74
29 23
30 54
34 78
36 10
38 27
39 39
41 2
43 86
47 7
47 47
47 94
49 79
52 56
54 64
56 99
58 57
59 76
74 75
83 33
86 68
88 55
89 18
90 85
97 85
0 13
0 41
0 71
3 50
6 9
7 70
10 99
13 93
15 84
19 48
22 59
25 11
28 37
28 65
30 45
30 84
32 97
34 91
51 2
53 30
53 37
55 82
57 63
58 23
59 35
59 52
63 16
64 4
65 60
66 24
72 38
72 93
75 65
76 98
78 6
80 18
81 1
81 12
81 24
89 78
91 66
93 1
93 9
93 32
93 95
94 47
96 53
96 63
