112
12 50
19 77
27 96
3 50
40 90
80 0
86 26
91 57
9 45
11 11
17 59
39 68
50 39
57 56
65 82
70 14
74 76
82 80
90 7
93 15
93 50
93 74
95 95
0 57
0 83
4 15
5 25
7 62
7 80
8 3
12 83
14 42
15 64
20 31
21 50
22 19
26 8
26 41
29 68
36 37
43 78
44 66
46 12
46 89
49 46
52 9
55 14
66 28
67 73
72 36
74 92
88 66
90 40
95 1
0 29
0 65
0 76
5 32
5 53
6 67
7 22
9 76
9 95
10 88
14 15
16 3
18 70
18 94
21 27
21 86
22 60
23 53
27 10
30 22
30 42
31 53
31 86
32 7
33 14
33 97
37 45
38 1
38 25
38 84
39 58
42 18
47 4
50 97
51 43
51 75
54 51
57 60
59 87
61 47
61 99
62 92
63 21
64 7
69 0
70 82
74 27
75 7
77 35
79 65
79 94
82 53
85 31
86 60
91 25
92 18
95 68
95 86
