110
65 64
58 36
91 43
95 80
6 87
10 63
16 39
20 84
24 24
24 81
30 5
36 33
39 82
49 32
65 84
73 24
74 47
75 63
78 37
87 97
0 75
1 93
3 66
7 42
9 28
11 52
13 4
14 34
17 14
17 54
19 29
19 64
20 42
23 49
24 93
35 98
36 5
36 63
38 59
43 45
47 63
48 86
50 38
53 92
55 22
56 44
58 94
60 52
66 53
66 78
66 95
67 38
69 15
73 31
77 94
81 10
83 18
87 57
89 34
92 10
0 25
0 35
1 2
1 16
2 50
2 57
4 34
5 98
6 78
7 90
8 20
12 57
14 5
14 96
17 0
17 21
17 70
21 61
24 40
25 33
27 16
38 35
40 70
41 20
42 6
43 93
45 55
46 24
54 31
58 10
58 72
63 1
64 45
65 85
70 67
70 75
71 51
73 1
76 82
78 46
79 28
82 4
83 66
85 74
86 18
86 50
93 85
93 94
94 39
96 33
