112
48 48
18 96
82 40
82 98
2 8
6 6
15 69
29 10
31 18
38 10
38 28
39 89
40 36
49 34
49 87
50 97
51 17
67 32
68 2
74 62
77 87
78 70
82 5
82 23
91 21
4 71
5 97
12 22
21 79
22 34
25 71
26 44
26 79
29 31
30 42
33 58
33 86
35 1
35 64
46 42
47 70
55 43
56 4
60 64
61 17
63 97
67 92
69 25
69 52
69 73
72 10
74 21
76 49
86 70
87 57
91 62
94 73
95 54
0 0
0 15
0 62
0 76
0 92
6 45
6 78
9 11
11 59
13 53
13 86
18 8
19 93
26 3
26 21
32 51
37 74
41 3
44 17
44 61
46 0
47 12
49 39
51 23
51 83
51 93
55 13
57 35
58 72
58 84
63 10
69 83
70 41
73 58
73 67
78 64
79 81
80 14
80 89
81 29
84 44
87 0
87 15
87 30
89 84
89 91
90 7
90 50
90 66
94 12
95 19
95 94
96 5
96 65
