107
21 59
20 53
78 49
84 63
12 81
13 64
19 11
22 97
26 64
36 51
40 34
42 76
45 45
59 58
65 52
66 36
67 7
67 67
73 6
76 76
86 33
94 76
95 52
0 86
1 46
3 93
4 58
7 29
7 42
9 99
13 18
14 30
16 36
17 80
18 64
20 1
22 8
24 50
25 12
27 25
27 30
31 48
31 70
34 97
37 47
38 86
41 5
46 71
46 78
49 52
53 13
53 69
55 88
59 12
60 4
61 86
67 59
67 96
68 81
72 58
74 14
74 42
77 53
80 94
88 95
90 18
1 1
1 35
2 10
2 77
5 63
9 73
13 99
19 34
19 74
28 79
32 18
33 74
38 56
42 17
48 24
48 93
50 4
51 32
52 99
55 80
57 96
59 24
64 45
65 13
67 35
70 1
71 82
73 34
75 19
76 64
78 26
82 20
82 79
85 70
88 26
88 48
91 39
92 33
92 85
93 15
94 44
