164
32 97
96 61
0 18
5 14
9 50
14 21
16 46
21 42
25 27
26 37
29 42
29 49
33 76
46 96
48 87
49 33
53 7
53 84
62 61
70 5
72 67
74 49
78 65
83 84
85 70
86 41
88 55
90 30
96 26
0 0
0 4
0 11
0 25
0 32
0 39
0 53
0 67
0 74
0 81
0 88
5 0
5 7
5 21
5 28
5 35
5 42
5 56
5 63
5 77
5 84
5 91
13 0
13 7
13 14
13 35
13 56
13 63
13 77
13 84
21 0
21 7
21 14
21 21
21 49
21 56
21 63
21 70
21 77
21 84
21 91
21 98
29 0
29 7
29 14
29 21
29 28
29 35
29 56
29 63
29 70
29 84
37 0
37 7
37 14
37 21
37 35
37 42
37 49
37 63
37 70
37 77
37 91
37 98
45 0
45 7
45 14
45 21
45 28
45 42
45 49
45 63
45 70
45 77
53 21
53 28
53 35
53 42
53 49
53 56
53 63
53 70
53 77
53 91
53 98
61 0
61 7
61 14
61 21
61 28
61 35
61 42
61 49
61 56
61 70
61 77
61 84
61 91
69 14
69 21
69 35
69 42
69 77
69 84
69 91
69 98
77 0
77 14
77 28
77 35
77 42
77 49
77 56
77 91
77 98
85 14
85 21
85 35
85 63
85 84
85 91
85 98
86 1
93 0
93 7
93 14
93 21
93 35
93 42
93 49
93 56
93 77
93 84
93 91
93 98
