114
46 78
59 97
92 84
3 33
6 47
17 31
17 62
26 37
29 96
31 65
32 39
38 5
43 49
45 71
47 94
59 12
67 2
68 68
72 31
73 56
76 73
83 69
88 24
93 29
0 66
6 75
7 6
8 18
12 38
14 5
17 92
21 24
24 84
30 82
31 7
32 69
37 61
41 75
42 60
47 54
49 19
59 51
61 30
62 87
63 79
68 37
69 97
71 48
74 43
75 94
78 21
80 6
82 54
83 61
84 96
87 46
89 10
93 77
0 21
0 41
0 51
0 72
6 25
6 97
7 67
9 55
10 46
11 85
14 11
14 37
14 52
19 74
21 50
21 97
22 3
22 17
27 26
28 1
32 45
33 34
34 0
38 84
38 96
41 64
44 28
46 74
47 44
49 13
51 32
52 38
52 90
58 93
61 8
61 32
61 53
65 25
66 80
67 18
68 72
69 1
69 65
77 92
83 85
84 68
84 79
86 34
87 42
91 53
92 13
92 88
94 96
95 20
95 63
96 57
