106
52 32
83 34
14 18
22 38
22 95
33 96
64 21
72 63
9 68
11 27
21 5
33 64
35 88
38 96
43 10
44 60
47 47
55 40
55 48
55 76
65 55
66 76
82 92
85 46
91 32
92 24
92 97
1 26
2 59
5 52
8 62
10 20
10 71
11 48
15 55
17 67
21 89
22 73
22 82
24 54
26 22
31 4
35 55
41 0
55 91
59 67
60 49
65 30
66 43
67 58
72 27
73 71
81 63
83 74
86 19
89 89
90 43
95 43
95 96
97 62
97 86
98 47
0 16
0 75
0 83
1 7
2 0
4 91
5 85
6 10
6 38
11 76
15 39
15 50
21 9
21 42
26 60
27 81
30 32
32 10
32 22
35 37
35 61
39 92
42 23
42 77
47 7
51 69
52 14
55 62
56 1
56 30
59 12
59 96
63 1
64 91
66 20
69 44
75 43
75 91
82 51
84 1
90 72
91 9
92 17
96 40
