112
69 91
10 60
10 71
19 47
23 80
57 49
68 65
1 93
20 90
27 12
38 52
41 60
42 5
43 17
47 79
61 6
63 33
68 76
77 19
79 80
80 3
85 78
88 91
89 68
0 79
1 64
4 11
11 3
13 18
13 46
17 11
17 40
17 96
24 88
25 23
27 49
27 79
29 7
30 35
31 97
33 74
38 38
40 34
47 33
51 73
57 79
59 87
61 58
66 16
74 36
77 89
79 96
83 42
84 12
85 1
88 49
89 40
94 91
95 69
96 25
0 57
0 82
2 26
3 46
4 95
5 36
5 54
5 89
10 66
13 75
14 83
15 27
17 3
18 61
24 2
25 68
26 83
28 24
28 59
31 2
31 44
32 65
33 90
38 83
40 44
41 50
46 98
48 42
49 59
49 93
54 99
55 41
55 52
60 24
60 70
62 49
68 40
71 49
74 27
75 65
77 48
81 62
83 34
83 54
85 12
86 6
87 23
90 17
92 40
92 87
94 59
96 49
