107
79 90
0 91
27 94
28 30
39 68
45 29
75 66
19 15
29 8
30 40
33 62
38 55
40 85
51 62
52 49
60 65
61 17
61 92
64 41
85 37
92 7
96 80
0 47
4 67
4 97
6 21
8 74
12 12
12 39
12 46
16 29
16 85
17 93
19 65
20 35
22 3
25 83
29 21
35 74
39 48
40 12
40 19
41 97
45 90
48 11
57 30
58 74
61 23
61 47
62 87
72 47
75 6
83 56
88 71
89 16
93 1
96 9
96 86
1 12
3 41
7 85
12 23
12 62
13 53
13 69
20 24
22 74
25 65
29 2
29 15
30 90
32 82
33 64
34 28
44 72
46 56
47 32
48 18
49 3
49 81
51 93
56 81
58 96
64 36
64 82
65 11
65 43
68 55
71 40
71 75
73 52
73 83
75 25
76 19
76 60
76 97
81 81
83 88
84 48
85 38
85 62
89 57
92 23
92 48
94 98
95 73
96 63
