107
74 58
83 25
3 19
25 95
47 45
88 12
2 63
3 97
34 82
38 10
38 41
41 89
44 3
47 67
56 18
57 38
63 91
65 2
78 97
87 71
96 76
1 2
1 52
8 26
8 45
8 80
11 71
12 64
13 51
16 33
17 72
17 80
20 33
26 72
27 54
30 14
42 58
43 20
44 53
47 36
52 46
53 66
55 73
58 27
58 62
61 54
62 34
63 78
67 53
68 81
70 26
70 48
71 8
73 17
76 64
78 79
81 62
82 81
86 33
89 82
92 33
96 6
97 47
98 16
0 69
7 92
11 99
12 24
14 8
16 43
17 51
18 13
20 25
24 45
27 85
29 30
29 41
31 93
32 60
33 24
33 48
35 2
38 44
39 96
41 86
52 56
53 87
55 9
60 16
60 44
64 39
64 75
66 17
70 22
71 0
71 42
71 74
71 89
73 54
77 45
77 69
82 92
84 1
85 17
86 23
94 99
95 82
