110
70 71
12 86
43 0
71 81
79 53
92 83
1 25
13 47
22 42
31 53
35 90
37 65
38 50
46 11
63 7
66 86
69 22
77 81
79 42
86 34
89 27
89 92
1 4
2 96
3 46
10 4
10 20
10 92
11 30
16 78
17 67
21 20
24 77
29 65
30 38
33 5
35 98
36 85
38 9
41 76
49 54
49 88
52 17
53 77
56 64
59 90
60 39
62 24
67 65
68 3
68 77
71 24
71 87
72 53
76 92
78 60
81 81
82 9
83 51
93 62
94 25
0 18
0 38
0 61
0 69
4 36
4 75
5 85
6 65
9 57
17 71
18 27
21 32
24 13
24 58
24 83
31 73
33 54
35 1
37 32
38 20
40 70
41 64
42 37
48 32
48 67
49 42
50 23
51 54
54 29
59 76
62 50
63 36
67 12
70 6
70 33
74 27
78 72
80 39
80 59
81 96
84 66
85 79
85 88
87 59
89 4
90 49
94 84
95 17
95 97
