111
14 28
7 10
20 4
40 21
57 97
61 63
2 78
5 59
7 72
39 10
42 30
49 53
51 22
54 65
60 37
75 64
77 46
79 17
81 41
82 91
86 97
87 82
91 19
0 65
3 21
7 6
9 51
15 68
16 90
16 96
27 1
31 18
31 96
32 75
34 54
35 87
39 4
40 92
41 18
41 46
42 38
46 95
47 73
52 89
59 53
61 20
66 48
68 17
70 96
71 32
77 30
77 86
80 10
85 66
86 51
89 33
90 58
91 70
94 44
94 98
95 65
97 14
0 45
0 51
0 93
2 38
4 81
7 43
7 99
8 24
14 45
14 56
16 15
17 72
18 27
20 98
21 12
21 42
23 87
27 37
28 5
38 58
42 12
42 76
44 2
45 61
48 41
49 10
49 25
50 97
55 13
55 69
56 43
60 94
63 62
64 79
65 10
66 72
70 39
70 56
72 24
73 74
76 66
77 0
81 27
83 88
91 31
91 91
93 1
93 53
94 77
