107
30 90
34 64
45 73
69 20
7 63
15 27
17 66
27 95
38 27
38 74
49 81
54 8
56 83
57 70
58 46
68 73
77 34
77 59
81 20
83 66
85 47
85 77
86 30
89 39
89 89
94 71
95 62
4 21
4 87
7 96
11 45
12 32
13 50
17 55
20 83
24 50
33 92
35 34
40 65
42 95
44 54
45 88
55 88
59 12
61 37
63 65
64 44
69 48
69 54
69 85
70 40
74 78
78 96
81 57
81 89
83 99
84 14
86 23
93 33
94 7
95 53
96 41
0 52
5 76
8 11
11 61
11 71
14 14
15 2
19 28
20 88
21 17
22 40
24 69
26 79
27 2
29 56
30 21
30 74
32 82
37 37
39 9
40 42
41 1
42 26
44 48
45 96
46 33
48 71
48 78
52 38
56 20
56 78
58 91
59 72
60 51
62 77
63 5
64 34
73 85
74 23
83 8
87 80
94 93
95 81
96 16
96 72
