98
22 68
26 79
38 60
54 27
71 60
76 24
21 31
28 35
55 70
62 34
70 26
73 78
74 15
78 61
20 58
23 5
31 27
31 57
36 20
37 48
60 63
62 42
65 64
67 55
77 30
81 75
88 49
1 70
7 29
11 18
15 21
17 74
19 25
19 39
26 75
27 7
29 67
33 50
34 73
39 23
40 57
40 88
42 17
45 62
52 65
57 49
58 56
62 16
62 24
66 46
69 70
79 20
82 82
83 35
87 18
97 52
0 0
4 53
4 72
4 98
9 77
10 36
10 68
18 52
18 63
18 80
22 87
23 43
24 93
25 23
28 39
32 9
33 32
33 63
33 82
39 33
43 93
44 38
45 15
45 75
46 5
48 58
52 75
53 34
58 78
60 4
60 71
62 29
63 38
64 82
69 41
70 88
75 70
76 55
79 44
80 25
81 60
86 71
