111
2 44
14 86
16 29
39 79
60 8
61 49
94 31
6 56
8 97
13 51
27 79
40 7
43 78
44 57
47 6
52 83
57 27
62 2
62 86
69 86
73 79
79 9
79 56
82 68
89 55
90 7
2 68
4 78
5 42
11 72
14 45
17 80
19 42
23 69
26 47
29 33
31 5
31 90
34 95
36 58
38 34
41 29
46 36
46 93
48 31
54 47
55 89
61 21
61 79
62 31
73 19
75 25
76 72
80 14
80 90
84 40
85 94
86 48
97 14
0 13
0 32
0 82
2 98
5 26
6 19
7 56
7 65
12 90
15 1
17 18
17 60
20 4
21 24
22 63
22 99
27 70
28 14
32 83
33 24
38 18
44 67
45 49
46 23
46 57
51 20
51 69
54 14
54 59
58 40
58 96
62 91
63 64
64 37
65 74
67 45
67 95
69 56
75 62
77 22
77 37
82 58
83 78
84 85
85 69
87 96
89 79
91 58
94 23
94 45
96 55
96 77
