112
43 21
6 9
12 73
17 69
45 76
67 54
92 47
0 60
5 26
18 57
22 29
32 60
52 70
59 86
64 61
65 44
71 72
73 6
74 61
78 78
81 29
82 13
85 44
93 8
96 31
0 19
13 2
13 88
15 13
20 89
23 45
23 78
25 5
27 11
29 22
30 66
33 16
36 80
37 69
38 33
39 11
44 58
45 95
48 8
48 50
49 92
52 81
55 46
55 99
58 22
59 53
61 8
66 3
67 97
69 19
73 84
77 24
78 94
91 87
97 41
0 3
0 32
0 90
0 96
2 85
4 64
4 72
6 15
6 97
7 22
8 55
10 61
11 43
12 28
13 7
16 22
17 66
18 16
18 96
23 61
24 37
24 98
30 24
30 36
32 90
34 53
36 82
37 43
45 19
50 8
50 64
54 36
56 74
60 87
61 30
62 79
65 12
69 40
71 66
75 14
78 51
80 18
80 86
84 23
84 48
84 71
85 77
89 20
90 57
93 25
94 67
94 75
