112
82 6
5 76
37 9
55 64
57 18
70 79
9 5
14 30
14 95
38 69
40 16
41 49
45 2
47 28
49 19
49 94
53 37
64 26
70 3
81 81
82 15
2 51
5 22
5 87
9 59
12 47
16 75
18 45
23 85
24 54
27 10
30 25
31 39
41 97
43 73
50 91
58 23
59 46
61 97
69 29
69 34
70 10
70 43
73 58
75 23
77 66
80 85
80 94
82 55
83 71
83 90
85 0
88 24
88 64
90 30
92 74
92 85
93 38
95 17
0 14
0 30
0 37
0 54
0 71
1 3
4 42
5 17
6 65
6 79
10 2
11 85
14 7
14 66
15 16
15 24
17 92
18 32
19 73
22 47
25 99
26 17
31 87
37 28
38 65
39 21
40 35
42 8
44 60
46 46
50 16
50 56
52 42
55 10
61 49
61 61
63 17
66 66
67 98
69 73
71 3
73 30
80 39
81 46
83 12
83 59
87 7
91 2
93 98
94 32
95 12
95 25
95 75
