108
20 26
30 63
41 62
45 50
53 16
89 80
0 40
0 53
8 29
11 2
36 91
38 24
43 70
46 84
47 5
53 30
58 88
61 33
70 53
73 38
77 90
79 40
96 12
0 65
1 19
1 94
2 73
11 41
13 88
15 77
16 39
16 94
19 3
22 41
23 92
25 87
32 58
38 10
42 32
45 41
46 47
47 22
47 90
53 8
54 62
57 57
57 94
58 70
64 5
67 33
67 43
71 5
79 9
81 92
84 59
88 6
89 34
94 39
94 69
0 6
0 56
0 81
3 23
6 72
7 80
8 10
10 28
14 14
16 8
17 46
19 29
22 10
29 93
30 30
31 74
31 99
32 4
34 61
35 50
37 78
41 1
43 59
43 75
44 12
47 49
50 38
54 23
55 34
56 17
57 9
57 45
63 21
71 16
71 43
72 26
72 97
75 62
76 69
77 0
77 85
79 23
80 33
80 53
84 84
87 97
90 77
91 15
92 92
