108
66 57
87 48
6 14
29 4
40 84
44 23
63 84
64 15
1 56
5 65
6 37
8 69
10 87
33 67
35 34
42 32
43 49
71 20
71 44
75 2
82 5
85 91
89 74
91 71
4 0
12 48
13 37
15 94
18 87
19 48
20 81
22 38
26 29
28 89
31 49
33 97
35 41
37 77
41 70
43 6
50 47
50 60
58 60
68 94
69 9
70 76
70 82
72 33
76 71
77 38
78 55
80 33
85 17
87 39
91 60
94 35
96 51
96 58
0 47
0 68
0 86
8 2
8 65
12 15
12 77
13 6
14 59
14 66
21 48
21 59
22 9
24 18
24 75
28 81
34 87
35 3
35 11
36 63
37 26
40 40
44 84
47 8
47 26
51 14
52 21
54 67
54 93
56 6
61 74
63 36
66 25
71 50
71 65
73 20
73 88
75 79
76 45
77 12
79 85
83 1
83 22
84 10
88 31
89 96
92 90
94 41
96 1
96 81
