108
63 8
89 51
6 62
29 81
41 90
48 32
64 91
68 25
0 6
5 74
11 5
18 42
21 20
31 35
37 65
40 32
49 26
49 85
53 49
63 44
69 31
69 56
75 74
86 76
0 11
2 22
6 27
10 41
12 22
12 69
14 61
16 84
18 77
21 28
29 31
30 9
32 52
33 86
35 77
38 42
39 6
42 13
48 96
49 38
49 75
55 64
58 15
60 22
61 0
69 46
74 17
77 39
77 51
80 71
84 5
94 18
97 70
0 58
0 66
2 54
3 90
4 2
5 10
5 48
6 35
11 50
13 96
15 38
17 67
20 97
22 73
23 25
24 56
26 88
28 5
29 59
32 18
33 29
36 98
38 24
40 58
43 68
45 5
48 18
48 65
50 1
51 72
53 36
56 79
63 16
69 64
75 60
75 88
82 14
84 3
84 30
84 62
86 56
87 94
90 5
91 46
92 28
92 57
94 84
94 97
95 10
95 35
96 50
