112
16 77
48 80
13 90
40 12
82 75
15 52
25 27
32 59
34 43
37 74
45 21
55 4
56 96
57 34
58 42
65 32
68 20
70 55
72 13
83 61
0 16
0 35
2 62
3 78
4 1
6 44
7 56
9 9
10 74
13 68
14 62
15 11
19 83
21 96
22 50
25 73
27 45
35 59
39 99
41 58
42 8
42 65
45 51
48 11
49 41
50 88
51 23
56 54
59 95
63 39
64 65
69 88
70 31
72 48
80 97
82 50
86 18
87 81
89 69
91 34
96 37
0 53
0 69
1 20
2 84
5 26
8 33
15 42
15 73
17 30
17 93
18 20
21 38
21 59
23 89
29 29
29 93
30 83
31 3
31 64
33 88
36 22
39 49
40 0
40 97
41 71
43 31
44 62
47 75
50 0
50 68
55 74
57 19
58 13
60 77
68 2
68 24
68 63
69 71
74 79
77 40
78 21
81 70
82 10
83 98
87 40
87 49
90 63
94 17
94 30
94 95
96 0
