111
58 45
3 18
38 4
43 43
63 21
64 79
79 75
87 72
5 14
10 75
12 61
18 71
28 4
29 46
32 31
33 58
33 68
39 91
40 30
45 61
54 36
56 82
60 67
80 56
86 30
96 30
0 4
10 49
14 93
15 52
16 4
18 83
20 48
23 18
23 68
24 75
28 78
29 39
37 40
40 54
44 24
46 4
46 33
46 78
46 89
48 53
49 18
51 31
55 56
65 37
67 51
67 62
70 84
73 97
74 64
84 63
84 93
90 44
98 49
0 79
0 90
1 57
1 66
7 8
8 21
9 27
9 70
12 43
15 25
20 36
20 86
21 10
21 97
24 55
24 63
28 50
29 72
32 28
34 87
35 21
41 47
44 70
48 97
49 61
50 14
50 46
51 2
55 34
56 16
58 97
59 2
59 90
60 70
66 25
67 13
68 31
70 6
73 11
73 87
75 21
78 40
83 19
83 49
86 37
88 10
89 92
90 99
91 16
92 83
94 38
96 20
