99
3 3
1 12
1 22
1 32
1 42
1 52
1 62
1 72
1 82
1 92
5 12
5 22
5 32
5 42
5 52
5 62
5 72
5 82
5 92
8 3
10 12
10 22
10 32
10 42
10 52
10 62
10 72
10 82
10 92
13 3
15 12
15 22
15 32
15 42
15 52
15 62
15 72
15 82
15 92
18 3
20 12
20 22
20 32
20 42
20 52
20 62
20 72
20 82
20 92
23 3
25 12
25 22
25 32
25 42
25 52
25 62
25 72
25 82
25 92
28 3
30 12
30 22
30 32
30 42
30 52
30 62
30 72
30 82
30 92
33 3
35 12
35 22
35 32
35 42
35 52
35 62
35 72
35 82
35 92
38 3
40 12
40 22
40 32
40 42
40 52
40 62
40 72
40 82
40 92
43 3
45 12
45 22
45 32
45 42
45 52
45 62
45 72
45 82
45 92
