111
70 74
74 29
25 13
49 43
51 6
60 59
62 10
83 63
86 72
3 23
18 89
19 35
29 33
39 63
40 46
46 74
54 33
55 92
60 41
71 86
76 61
78 97
80 67
97 47
0 71
2 53
6 62
8 81
11 23
13 95
16 16
17 24
17 64
25 17
26 26
27 51
30 58
35 54
37 9
38 78
42 35
44 61
48 21
51 46
62 2
66 36
70 2
71 97
75 53
79 77
80 27
81 88
83 0
83 7
84 22
84 58
88 81
89 59
94 24
0 0
0 34
0 42
0 79
3 49
3 88
5 14
7 37
7 54
9 31
12 9
14 54
15 48
19 9
22 86
24 5
24 72
24 93
28 14
28 65
28 88
30 43
31 37
31 94
32 22
37 0
37 14
38 20
42 31
47 87
52 68
53 57
54 51
55 13
58 87
62 30
63 45
71 6
71 23
73 34
76 39
77 19
77 83
78 46
83 51
84 6
84 90
87 12
88 96
89 74
92 91
95 58
