112
1 51
21 32
53 45
77 30
5 56
21 17
0 31
10 55
12 87
19 56
20 9
20 85
63 72
66 91
67 44
67 82
81 31
82 95
85 31
85 39
89 88
90 13
95 4
0 76
5 69
6 81
7 41
9 14
9 96
15 20
18 93
20 49
23 38
24 2
34 69
35 24
38 97
41 79
45 36
45 65
49 16
52 39
53 28
56 14
56 46
64 29
68 97
69 3
71 14
72 2
83 77
86 16
91 95
92 31
93 68
0 5
0 44
1 64
2 4
4 50
9 3
9 74
12 40
18 66
21 87
22 13
23 24
23 41
23 77
25 7
25 31
25 56
26 92
28 20
29 37
32 53
32 61
32 76
33 85
35 16
35 91
37 50
38 70
40 10
42 17
42 86
44 76
48 91
49 70
51 80
53 56
54 97
55 21
58 34
66 26
66 34
67 69
69 86
70 64
73 99
74 36
74 44
78 19
78 55
79 87
81 71
87 51
90 42
94 19
95 9
96 32
96 77
