111
5 76
65 32
92 70
0 50
1 81
20 25
27 75
38 19
39 58
43 89
46 67
51 10
53 24
60 13
73 20
83 71
85 5
85 56
87 32
93 7
0 17
0 87
2 36
4 63
5 15
9 82
10 37
12 3
12 50
13 31
14 95
18 81
20 43
20 56
20 62
23 11
24 17
26 53
28 27
31 7
32 11
33 64
34 51
34 95
35 80
40 73
45 58
46 95
50 77
51 27
55 97
56 71
58 85
60 2
60 52
65 56
78 8
78 15
82 83
84 90
86 41
90 51
92 73
96 47
0 54
5 30
6 66
12 74
12 89
16 96
18 37
20 73
21 3
21 90
25 67
27 82
28 74
32 20
33 26
33 37
35 96
36 46
39 13
43 1
48 37
49 53
50 43
57 67
59 24
60 42
64 19
67 13
68 32
68 80
71 62
72 42
73 97
74 18
75 50
75 68
77 29
82 65
86 13
88 99
92 64
93 70
94 83
95 16
95 52
96 5
96 29
