106
28 69
54 58
4 4
16 42
49 44
70 36
77 49
85 1
0 98
2 12
2 85
9 92
13 10
14 34
16 86
31 48
32 55
52 38
57 97
58 54
63 32
66 92
68 81
71 21
72 73
75 97
82 14
91 45
5 51
22 88
30 93
33 14
34 37
34 73
37 50
42 25
42 50
42 70
46 79
50 54
53 84
54 14
56 67
57 21
59 92
64 14
66 87
71 33
73 64
75 7
82 26
89 93
90 69
95 83
96 5
97 96
0 0
0 27
5 68
6 99
7 18
9 80
10 0
11 58
12 93
16 2
18 11
18 75
19 66
22 53
24 7
30 27
30 82
31 10
31 69
31 99
33 57
38 35
40 90
42 6
42 64
45 74
46 28
48 97
49 2
52 31
61 19
63 65
66 0
67 13
68 39
68 53
69 45
74 33
75 15
75 58
76 78
80 47
80 54
82 91
84 16
84 34
89 8
91 89
92 29
94 18
