110
5 40
5 59
13 85
69 77
72 36
82 91
93 64
96 22
14 28
20 55
28 76
31 29
32 90
44 62
50 80
51 35
66 13
82 14
87 94
88 83
96 49
0 84
1 92
2 57
6 98
7 4
11 51
12 76
14 98
23 71
25 65
27 11
31 82
32 64
32 72
35 22
37 16
38 75
39 86
48 48
54 86
57 90
58 4
61 75
68 56
72 11
73 44
76 30
76 40
76 63
76 89
80 33
81 47
89 28
90 5
91 75
95 12
0 47
0 76
2 72
4 82
5 27
10 58
11 8
11 18
13 66
13 90
14 38
16 45
17 77
18 12
20 60
20 85
21 92
22 26
24 33
28 5
29 36
29 51
35 62
39 22
42 6
45 20
45 41
50 11
50 25
50 72
53 39
53 57
57 45
59 58
59 92
62 3
63 83
64 65
67 0
67 21
77 74
78 66
81 17
86 20
86 37
86 66
89 93
94 37
94 90
95 27
95 58
95 66
96 4
