105
24 67
89 85
8 97
9 66
9 74
22 38
34 8
49 49
62 13
74 33
85 26
9 47
16 58
25 27
34 69
60 51
69 15
73 44
80 15
89 61
90 21
94 90
0 60
1 71
4 8
10 11
12 91
14 50
15 77
17 24
19 32
22 9
22 51
26 94
27 45
27 86
34 48
34 88
37 19
39 5
39 43
44 12
45 28
48 94
50 96
53 21
55 3
56 80
59 42
61 24
62 69
71 10
73 26
75 65
78 76
83 92
88 76
95 13
95 59
96 30
0 34
2 54
3 77
5 22
12 6
14 89
15 51
17 70
17 97
18 17
21 75
24 19
26 13
32 96
34 54
39 64
41 1
41 47
41 72
45 33
48 10
49 80
51 49
53 18
53 63
53 90
53 98
54 72
56 34
58 60
60 97
61 87
63 2
67 59
67 70
75 2
75 92
80 67
80 81
83 51
86 38
89 6
91 41
92 1
95 93
