115
46 21
53 84
3 95
5 12
13 18
20 99
22 9
31 79
33 52
34 59
40 66
43 27
55 9
66 6
78 67
81 52
85 76
93 77
93 94
1 41
1 55
2 85
6 35
9 60
12 33
14 37
16 23
17 63
19 1
23 43
26 16
27 2
27 90
34 44
39 16
46 83
47 35
47 73
52 26
54 74
56 48
57 39
58 31
59 19
60 63
61 88
63 76
65 45
68 32
70 89
71 5
71 53
73 70
74 39
76 5
78 15
82 36
83 82
88 30
88 64
90 54
93 70
95 47
95 61
0 25
0 70
4 67
5 79
5 90
6 25
7 44
8 1
11 11
11 87
13 42
15 49
17 18
21 76
22 62
23 40
25 55
26 30
28 5
29 22
30 71
31 89
36 24
36 42
37 50
38 36
38 95
39 1
44 98
48 64
48 91
50 56
59 11
60 61
64 22
65 99
67 13
71 96
72 58
75 91
77 2
80 26
81 13
83 92
85 82
86 48
88 5
91 83
95 93
96 26
96 38
