101
42 22
42 96
52 87
57 60
58 97
94 3
0 75
6 33
7 60
11 48
23 72
25 94
28 10
32 98
42 10
45 6
49 51
52 25
68 71
70 22
80 47
82 20
85 95
94 74
1 95
2 15
5 6
7 81
12 76
13 62
17 20
20 58
22 35
25 55
25 77
29 23
35 46
36 71
36 80
38 27
39 56
46 36
47 82
51 68
52 33
54 51
60 6
60 45
61 88
62 79
65 39
67 3
69 53
72 26
74 42
76 72
78 59
84 26
87 47
87 82
89 53
91 8
91 46
96 15
98 56
0 0
0 26
1 56
5 97
6 67
7 44
10 11
12 88
15 93
17 15
18 45
24 17
28 63
31 52
32 95
38 35
42 25
43 94
45 0
47 7
50 20
55 30
56 23
57 56
60 36
62 65
63 17
69 14
70 51
71 1
72 78
76 95
77 34
78 77
90 25
96 38
