109
9 63
11 82
50 16
52 44
86 18
86 42
4 33
8 43
17 31
21 67
25 28
26 84
36 86
41 73
44 45
44 96
47 83
50 92
52 75
65 26
77 57
79 45
93 33
94 49
94 90
9 73
9 96
12 39
19 88
21 36
21 45
23 57
32 14
36 27
41 18
44 53
45 11
49 1
49 50
56 15
56 29
59 95
60 90
62 64
64 13
64 71
65 54
66 92
70 74
73 35
75 21
78 95
79 63
80 71
84 28
84 54
94 4
98 14
0 8
0 20
0 52
1 38
1 88
2 50
7 0
8 18
10 32
11 23
13 92
14 0
14 14
14 53
16 77
17 8
17 25
24 54
26 63
32 96
40 32
40 77
47 68
48 24
49 35
54 54
56 10
57 1
57 23
60 37
60 79
66 12
67 46
69 18
70 27
71 0
73 47
74 6
74 88
75 12
79 99
82 3
86 80
88 96
92 44
92 58
94 37
94 76
95 65
95 93
96 0
