111
3 76
11 23
17 94
31 55
46 28
1 3
4 93
6 29
11 37
16 28
33 13
34 37
40 84
43 1
46 43
62 10
72 89
75 58
85 27
89 14
90 51
93 9
3 47
6 69
6 79
10 15
13 59
19 66
19 81
20 50
21 4
21 56
24 16
24 22
24 88
28 42
29 76
32 4
33 64
35 23
36 9
38 70
40 46
43 50
44 59
45 87
48 61
53 77
54 64
55 85
57 24
58 19
64 15
65 76
72 66
80 51
81 2
82 14
86 66
87 1
87 35
87 45
91 60
0 11
0 16
0 31
2 25
2 61
2 99
6 5
8 45
9 0
14 9
14 34
15 21
19 31
19 77
21 0
33 0
36 34
37 20
42 14
44 34
47 19
48 3
48 26
49 10
52 44
55 49
57 64
57 71
59 96
62 22
64 3
64 61
65 27
66 48
68 11
69 97
71 51
76 34
80 40
83 80
85 86
87 28
89 99
91 90
92 49
93 13
93 22
94 82
