107
51 35
47 94
88 16
0 81
4 95
9 39
15 43
15 83
30 22
32 52
35 38
43 41
50 11
54 72
59 80
64 37
69 42
80 90
80 96
84 0
85 74
94 46
0 15
2 43
4 0
6 91
9 61
10 69
14 11
17 93
20 87
21 75
22 52
24 38
25 79
28 68
29 90
32 98
33 28
39 75
42 17
44 50
46 36
51 95
52 88
54 62
60 47
61 10
66 71
70 81
72 9
72 22
73 97
75 68
76 40
79 81
83 39
85 56
87 33
94 30
96 44
96 53
0 29
0 67
5 24
7 18
10 56
10 75
13 29
17 23
24 39
27 15
33 19
35 44
35 52
37 65
38 3
41 9
45 54
46 70
47 77
50 24
52 51
54 37
55 62
56 30
57 99
58 52
59 0
65 22
74 11
75 45
77 17
77 34
77 72
84 8
86 58
86 69
87 51
91 22
91 40
91 73
92 0
95 8
95 15
95 89
96 26
