108
56 59
25 14
54 75
69 36
77 35
94 13
1 24
1 71
21 60
28 5
28 13
30 71
36 15
36 52
36 90
38 60
47 44
55 23
57 35
61 13
63 24
95 87
97 68
0 77
3 65
5 71
7 52
16 32
19 4
20 20
27 46
29 63
34 35
36 46
36 97
39 32
42 82
43 23
45 63
49 97
54 49
63 82
64 31
66 5
67 96
69 1
70 29
71 89
72 21
75 2
78 18
79 75
83 66
89 5
89 16
96 17
96 29
0 6
0 15
0 34
0 90
2 83
5 1
7 88
8 17
17 88
18 26
19 80
21 69
23 89
25 53
27 59
27 80
30 75
32 39
36 16
37 68
40 45
40 52
40 75
45 6
47 69
48 84
51 13
52 40
53 88
55 96
56 70
62 57
64 15
68 55
70 10
71 93
75 43
76 80
76 96
77 54
78 27
81 41
81 93
85 81
86 27
86 55
88 92
91 4
91 24
94 63
96 39
