106
42 44
47 68
61 58
73 67
95 35
1 29
3 43
9 48
11 17
18 72
20 63
25 46
38 62
42 24
46 91
47 61
48 3
55 65
64 77
68 88
71 97
76 80
80 19
0 68
1 94
2 59
7 38
7 84
10 63
13 41
14 32
17 3
23 23
24 97
25 76
27 44
27 52
28 81
30 66
31 93
35 78
36 87
38 0
53 4
55 33
55 74
58 84
61 44
63 0
63 64
67 64
70 46
71 33
73 86
80 29
81 36
82 47
87 74
88 22
88 39
89 79
90 93
94 26
97 77
0 0
0 6
0 23
0 49
4 73
8 58
8 80
14 15
14 53
18 86
21 34
24 12
26 4
31 34
31 41
34 28
35 53
37 18
48 42
48 59
48 81
49 26
50 92
55 2
55 17
57 93
61 25
62 85
63 14
63 31
66 8
67 79
73 98
74 42
74 67
82 61
84 6
87 52
91 7
92 96
94 41
95 51
