109
7 75
29 70
59 66
94 72
2 93
6 84
8 96
10 11
15 33
26 85
28 19
33 29
35 56
35 81
39 9
54 75
60 29
68 30
69 13
70 24
79 12
84 57
86 69
86 93
88 81
91 41
0 12
0 73
5 4
5 49
8 27
12 72
16 80
17 25
17 87
18 48
18 56
20 66
28 5
29 61
30 50
33 87
37 30
44 37
44 45
45 12
50 60
50 84
51 26
60 50
65 98
74 3
74 54
75 31
80 47
90 6
90 62
91 13
93 34
0 46
0 85
3 14
4 65
5 43
6 56
7 23
13 16
20 35
21 24
26 12
26 98
28 20
28 74
30 67
31 8
32 0
37 51
38 62
38 98
42 54
43 20
44 97
45 35
45 76
48 7
48 46
54 15
55 81
61 77
62 63
63 40
64 20
65 57
65 93
66 1
68 84
70 60
71 72
78 21
79 38
85 25
86 54
88 83
93 93
94 20
94 43
95 82
96 7
96 67
