108
17 96
50 53
1 59
31 8
60 61
76 86
89 76
1 42
13 34
16 4
22 65
23 43
25 9
32 46
33 16
33 68
36 24
38 12
43 28
53 41
59 25
60 19
87 32
87 85
88 51
90 24
96 12
1 73
4 35
8 55
13 95
14 74
16 23
17 47
19 92
26 67
30 37
35 76
43 75
43 93
51 73
51 81
58 50
58 89
63 0
63 29
69 96
74 49
77 0
77 80
79 26
79 91
84 44
91 28
95 64
0 21
0 79
4 40
4 63
8 10
8 84
14 38
14 67
15 18
19 83
20 50
21 16
24 2
24 33
25 86
26 49
27 19
27 58
27 73
31 43
33 4
34 88
37 64
38 56
39 8
43 83
46 94
49 34
50 9
60 65
61 15
62 55
62 72
63 80
64 5
67 48
67 85
69 32
72 69
75 99
76 17
78 79
82 36
83 58
84 71
86 16
87 8
88 92
88 99
91 20
93 38
95 56
95 68
