110
72 38
16 4
19 31
23 40
39 39
45 84
13 65
24 59
28 79
30 52
35 93
37 2
39 60
45 15
47 59
49 79
55 63
59 74
63 8
74 13
76 34
79 72
90 60
94 96
1 54
2 60
2 73
2 86
3 39
11 83
15 43
18 10
22 49
23 3
27 33
28 10
28 47
28 95
29 70
30 23
41 26
44 41
44 67
45 5
48 88
50 32
50 94
55 36
61 29
63 83
64 99
65 36
65 47
67 5
68 23
76 3
76 19
77 89
79 37
83 6
90 3
91 50
92 69
0 0
0 14
0 22
0 30
3 66
4 11
5 42
5 97
10 36
13 73
16 80
17 87
18 65
21 15
24 86
31 26
31 77
32 18
33 10
34 89
39 98
48 85
50 21
53 57
57 43
57 51
58 0
60 89
63 63
65 0
66 17
66 83
70 41
74 57
79 76
80 93
81 12
82 0
82 41
82 49
82 81
83 67
83 98
85 55
89 13
95 78
96 31
