103
8 3
36 89
64 15
3 10
6 37
13 42
17 19
22 0
23 49
27 30
31 62
34 22
34 94
43 5
45 71
51 49
52 12
55 53
55 83
55 94
62 39
69 83
71 12
79 15
82 26
89 21
97 80
0 57
1 93
4 82
8 16
8 23
10 66
10 76
15 93
16 30
18 5
22 40
23 15
23 96
27 71
28 80
32 7
33 37
35 83
44 18
47 2
47 86
51 40
54 6
54 21
57 11
57 48
63 26
71 28
71 37
72 82
73 95
80 10
82 72
85 48
85 76
91 9
92 32
93 19
93 49
93 87
0 58
6 28
10 82
11 54
13 67
14 59
15 47
20 24
23 56
27 44
28 13
31 69
38 31
38 45
38 66
40 10
40 97
42 61
49 65
57 79
59 68
67 47
67 73
73 78
74 32
75 45
81 88
82 41
83 0
84 59
87 66
90 71
91 23
92 96
95 66
96 35
