118
91 60
12 39
53 68
62 32
62 69
89 79
5 12
8 43
9 91
10 9
26 26
31 39
35 2
39 50
47 55
50 20
51 73
55 9
69 25
72 19
72 41
82 65
0 0
0 30
1 85
2 57
2 80
7 48
9 72
10 28
13 24
16 93
18 10
25 5
25 92
26 33
29 45
29 55
35 91
40 40
44 26
49 36
50 95
61 46
62 79
65 5
68 94
73 99
76 17
79 5
79 55
79 97
82 12
86 93
94 32
95 49
96 64
0 15
0 67
1 24
1 94
5 2
7 80
11 44
12 69
12 84
13 16
13 61
16 24
16 95
17 49
18 55
20 12
22 19
22 60
27 87
28 81
29 21
30 15
31 29
32 66
35 22
36 71
38 0
39 85
42 79
43 99
44 15
45 63
46 2
47 10
50 83
51 23
51 30
51 62
52 97
58 8
59 24
59 87
63 42
63 53
65 17
65 70
68 33
72 68
76 78
78 45
82 70
85 13
86 22
86 51
87 93
89 38
94 80
95 3
95 71
96 26
96 40
