112
39 41
44 46
52 25
53 83
57 54
72 78
73 26
77 52
5 63
10 87
16 57
22 35
24 26
33 80
35 33
36 22
41 35
44 75
52 0
53 32
76 37
79 23
88 82
0 19
1 7
1 84
5 69
10 34
13 27
18 80
20 15
20 53
22 41
22 66
24 93
28 46
29 26
30 6
33 90
37 51
39 9
39 94
46 68
48 96
56 48
61 98
62 82
63 16
64 37
66 61
70 91
74 78
78 47
82 54
86 60
87 10
88 47
94 0
94 93
96 74
0 0
0 61
0 97
1 15
3 26
4 50
9 79
10 8
10 18
11 2
19 7
19 59
19 71
20 79
25 20
25 36
29 12
29 98
34 79
37 64
40 26
43 78
44 51
45 19
46 7
47 61
48 42
50 78
52 13
52 37
54 71
58 45
59 26
60 20
61 85
63 2
63 52
66 21
66 43
66 66
72 98
73 66
76 5
77 61
78 38
79 98
80 91
85 88
85 97
86 56
91 40
94 49
