117
27 91
44 44
45 91
64 2
86 28
1 4
7 87
30 3
40 77
47 72
58 10
69 62
71 50
74 7
75 36
95 21
96 29
1 22
2 31
5 2
5 78
7 60
8 25
11 20
13 57
14 48
17 89
20 77
21 33
25 83
26 64
29 43
31 58
33 25
36 58
38 7
38 65
39 42
41 0
50 6
50 11
55 81
57 95
58 17
60 37
60 88
61 56
63 27
66 18
69 33
72 65
73 57
76 0
81 45
81 85
84 17
92 95
93 10
93 33
93 82
96 74
96 89
0 10
0 37
0 50
0 59
0 97
2 65
3 42
9 40
11 11
11 92
13 70
13 80
16 52
16 59
19 47
19 94
20 69
25 11
25 32
28 85
29 99
33 50
36 12
36 94
39 86
40 68
45 38
48 67
51 26
51 53
54 0
57 64
58 79
60 73
62 84
63 67
66 91
69 84
70 42
73 73
77 26
77 58
79 37
82 2
82 12
82 54
82 79
83 66
83 90
85 60
88 69
89 43
94 7
95 57
95 96
