115
28 63
12 13
12 48
35 11
35 69
7 80
11 3
11 60
17 95
20 43
20 84
29 40
32 77
33 27
63 71
65 92
67 46
68 35
76 90
78 16
79 60
83 8
87 17
0 55
2 8
3 70
3 93
5 46
6 38
9 21
11 27
12 66
17 12
21 90
27 24
28 18
29 49
37 77
38 63
38 93
42 85
45 7
46 95
47 32
47 41
50 7
51 85
57 30
59 84
66 0
67 79
68 97
69 67
71 9
75 42
81 30
84 70
91 24
92 97
94 83
97 54
0 13
0 75
0 82
0 99
1 25
5 94
8 35
11 41
12 87
14 33
17 64
17 75
21 51
24 80
24 95
27 30
27 57
31 82
33 15
33 98
35 34
35 48
36 23
39 65
41 75
42 53
45 12
45 68
46 21
46 48
49 73
52 88
53 3
53 54
60 52
62 29
67 49
68 28
73 97
74 46
74 74
75 36
76 24
78 54
83 60
86 76
86 91
87 1
89 9
89 50
92 29
92 93
95 13
96 60
