109
25 8
42 63
31 16
36 43
53 48
71 67
1 6
6 60
25 43
26 80
36 78
47 41
48 14
48 78
51 97
74 79
76 9
79 58
88 16
89 47
92 26
2 26
4 89
7 11
8 82
14 33
14 50
21 25
21 62
22 70
29 8
30 21
35 57
36 13
37 22
37 87
39 51
41 8
45 23
48 1
50 87
52 61
57 4
60 50
61 78
64 22
69 20
69 49
74 91
75 30
77 96
78 66
80 22
82 72
84 39
85 87
89 56
91 88
93 68
94 10
95 57
96 41
96 77
0 20
1 44
2 50
8 70
9 86
12 79
14 96
15 11
20 48
20 55
20 75
23 3
30 93
31 66
36 1
37 73
38 99
42 38
45 19
48 33
50 7
53 70
55 25
56 11
58 33
58 42
59 67
61 49
62 88
63 73
65 58
67 80
68 34
70 3
72 58
74 47
74 74
76 41
77 52
80 95
83 66
94 25
94 48
94 64
96 1
96 14
