113
31 58
86 13
82 20
85 91
88 84
1 4
14 46
19 9
19 41
23 3
38 15
38 29
48 36
49 90
52 68
54 22
60 92
63 38
67 45
69 18
74 31
96 65
0 89
2 33
3 51
3 94
6 9
7 71
10 32
12 92
13 80
20 61
24 68
28 36
29 48
29 82
32 63
34 88
38 58
39 69
41 36
42 54
50 80
56 35
61 6
62 66
66 75
70 12
73 91
76 15
76 74
78 31
82 52
86 70
89 96
93 87
94 49
96 98
0 62
2 26
4 19
4 59
4 84
5 45
6 3
7 11
9 50
12 72
13 98
14 27
18 15
19 50
24 26
25 74
27 0
28 54
31 23
31 42
38 0
39 8
40 66
41 26
43 45
43 99
46 15
48 2
50 56
52 64
54 74
62 93
64 66
65 32
66 50
69 57
70 45
71 99
72 52
77 77
78 44
79 68
85 56
85 63
85 79
86 10
86 22
88 1
90 40
93 14
93 70
94 45
94 55
96 9
96 23
