111
25 68
75 49
85 68
0 76
2 18
15 32
17 52
25 55
29 28
31 35
32 49
33 87
39 47
46 81
58 86
61 12
61 53
66 72
67 18
70 85
74 56
93 91
1 53
3 29
3 46
4 74
7 3
8 23
10 14
13 59
15 21
24 45
25 73
28 20
38 87
40 91
42 46
42 52
47 90
54 28
55 94
61 3
64 27
66 8
66 48
67 40
73 72
74 68
75 42
78 94
80 50
83 0
86 15
88 84
92 70
93 14
95 3
95 20
97 60
0 7
0 97
3 63
11 95
13 11
15 36
16 61
16 68
18 74
20 33
20 99
21 7
24 39
25 88
27 78
28 3
32 14
32 44
34 4
34 62
39 37
41 30
43 61
43 99
46 36
48 45
48 79
53 61
53 74
54 44
54 51
58 21
58 32
61 82
62 93
65 35
69 3
69 11
73 22
73 86
74 6
76 30
77 13
78 60
85 92
87 23
87 33
88 40
94 66
95 29
95 83
96 50
