104
80 14
35 28
1 6
41 37
43 58
55 51
60 2
64 31
95 57
7 80
24 17
30 6
31 38
32 84
36 14
42 28
48 4
56 34
66 3
71 91
82 26
86 39
97 5
0 26
3 62
3 90
4 55
5 2
17 14
23 36
29 99
33 21
33 64
36 50
37 67
41 76
41 83
45 9
45 50
45 93
48 40
49 20
49 29
51 97
57 81
57 89
61 59
63 48
64 86
65 25
65 37
68 21
68 48
68 72
72 33
73 68
75 82
78 33
80 70
82 57
85 32
86 4
86 74
92 77
96 19
96 85
0 74
4 48
6 87
7 42
7 79
8 93
10 27
10 70
11 20
12 55
14 5
15 62
17 90
21 76
27 0
33 80
34 96
36 19
41 63
46 77
48 37
49 7
50 14
56 67
60 75
61 93
63 55
64 11
64 61
74 48
75 60
78 81
82 11
83 63
87 44
87 86
89 28
96 89
