105
23 77
26 31
26 94
40 69
52 19
53 31
63 74
76 92
96 56
3 15
4 61
9 48
24 63
34 95
38 3
38 50
38 59
51 9
60 52
64 10
71 46
73 82
77 62
83 3
85 24
94 26
95 37
97 8
2 86
3 25
8 70
9 8
10 96
12 24
15 99
18 8
18 18
20 68
26 15
34 67
35 36
42 18
43 8
46 43
48 65
48 73
54 59
55 92
59 5
62 45
65 58
74 2
74 15
80 97
94 76
96 98
0 36
0 46
0 66
0 73
0 97
2 6
5 37
5 52
7 43
13 32
16 46
23 25
25 69
26 47
26 75
26 87
27 11
29 55
34 13
34 77
36 35
39 46
42 91
43 97
44 14
47 53
50 25
52 44
53 18
53 74
56 97
58 32
64 8
64 40
64 88
67 73
68 97
71 41
72 33
73 77
77 48
82 41
82 90
84 16
84 51
92 89
95 27
95 44
96 63
