113
5 84
16 88
34 60
87 13
0 61
8 17
13 38
13 49
21 55
25 97
33 89
34 26
41 42
46 39
47 16
50 69
52 55
87 72
87 77
92 34
94 48
0 34
6 1
9 77
9 99
14 4
17 19
18 37
20 11
20 74
32 9
34 75
36 30
39 37
42 72
45 32
49 46
50 99
53 17
53 27
54 91
58 17
59 9
59 31
60 95
63 49
64 69
65 62
66 52
70 26
71 8
71 69
72 92
75 35
75 77
76 23
77 66
80 57
90 95
91 53
93 72
94 79
97 61
0 0
0 20
0 52
0 64
0 90
0 93
10 14
12 58
13 50
14 92
17 80
21 24
23 47
24 79
25 36
27 93
30 44
31 81
32 96
34 0
34 66
36 49
37 16
41 3
42 58
43 81
43 89
50 38
50 67
54 46
56 79
62 21
65 48
66 4
69 62
69 84
70 98
71 55
73 3
76 72
78 97
80 15
83 49
88 0
91 26
92 35
94 54
95 40
96 1
96 67
