114
83 2
23 3
45 49
48 87
61 17
8 77
14 88
20 69
41 7
44 93
48 41
53 33
57 55
61 45
65 37
77 61
78 15
90 35
90 49
93 82
95 8
0 11
1 88
6 60
10 45
11 24
11 98
17 19
20 77
26 87
30 1
31 80
36 45
36 87
39 33
40 13
44 70
47 6
49 26
54 45
54 98
58 75
58 84
59 25
61 62
63 7
65 18
68 10
68 66
70 18
73 30
74 92
76 99
84 98
85 59
88 19
91 54
92 47
94 73
0 0
0 17
0 42
0 55
0 61
0 77
0 93
2 84
3 50
4 8
4 67
5 34
9 15
10 7
12 68
12 82
13 29
13 48
14 56
15 1
15 36
20 49
23 32
26 7
26 52
28 63
29 37
31 12
37 51
38 81
39 37
44 80
48 38
49 15
50 90
57 10
58 96
63 77
63 85
64 58
67 53
69 83
74 6
74 88
75 65
78 43
81 91
83 75
84 6
84 41
89 10
90 1
90 99
91 34
96 67
