110
54 10
6 28
49 16
65 4
90 83
3 67
9 85
12 95
26 26
31 63
39 94
46 62
54 40
54 51
54 76
56 23
58 90
77 46
80 89
87 17
2 78
5 24
9 18
10 4
11 31
12 44
18 30
18 51
19 66
21 9
24 33
24 56
26 77
29 15
36 16
36 88
39 26
41 79
42 72
45 89
54 58
61 25
61 72
62 10
65 86
66 37
67 49
68 65
68 79
69 23
69 56
70 96
74 14
75 66
76 24
78 98
80 39
83 74
85 66
85 95
87 7
87 23
90 45
93 77
94 37
96 16
97 23
0 13
0 86
4 8
8 68
10 54
10 79
12 15
13 73
16 40
20 1
24 20
25 90
27 98
31 52
31 93
33 30
34 65
34 77
35 42
39 59
39 99
41 10
43 31
44 53
44 69
48 2
51 85
54 17
54 35
56 46
58 30
61 18
67 9
67 37
79 0
80 88
81 44
87 54
90 68
90 87
91 94
95 43
95 78
