109
6 31
13 16
40 47
49 96
79 22
80 68
81 57
5 58
6 38
7 26
11 93
23 13
23 53
28 56
34 57
40 26
46 77
49 53
61 42
63 20
72 27
72 87
81 6
11 56
11 70
11 80
11 87
14 49
17 99
18 60
19 27
24 44
24 72
26 97
27 79
31 92
32 18
32 49
32 70
35 62
35 81
36 7
39 58
39 71
40 14
45 56
46 13
49 30
52 41
53 28
53 90
55 74
58 46
63 32
66 68
78 1
83 24
90 39
93 13
94 60
95 44
0 6
0 22
0 48
1 14
1 84
2 47
7 42
9 19
17 1
19 31
23 65
26 8
29 1
32 41
34 30
40 97
41 25
41 91
44 19
44 62
46 38
52 37
55 90
56 80
57 10
58 73
59 54
60 62
60 98
61 40
62 23
63 82
65 52
68 0
70 98
77 41
77 92
79 15
79 83
80 53
82 60
84 0
85 89
88 47
89 96
93 24
94 2
96 70
