116
29 87
67 72
86 56
0 4
3 66
4 26
11 63
13 12
18 5
18 80
24 3
38 84
39 49
39 65
50 76
51 56
57 91
70 36
72 77
74 29
80 67
5 76
6 7
6 17
6 57
12 54
20 31
20 47
21 86
21 98
23 75
24 55
27 26
31 24
33 40
46 7
46 28
46 48
47 37
54 9
56 96
59 75
63 84
66 90
69 61
76 82
77 58
77 71
81 87
83 3
83 39
84 94
90 51
91 19
94 83
3 31
5 87
6 12
6 51
6 71
7 25
10 0
11 19
15 64
17 37
19 71
23 66
24 42
24 81
24 98
25 72
28 9
29 56
29 84
32 14
32 46
32 69
34 21
34 78
34 98
36 41
37 7
37 35
41 76
42 60
43 96
44 82
46 20
48 37
49 43
49 90
50 83
53 61
54 3
55 19
56 36
57 47
58 28
61 5
67 98
69 89
72 45
73 9
76 23
76 74
79 30
81 78
84 44
84 67
85 84
88 36
88 75
90 92
92 44
94 78
96 88
