113
76 58
97 71
3 68
4 82
6 35
10 96
20 86
28 23
30 76
40 25
40 62
44 47
44 72
46 10
52 95
54 42
55 85
64 1
66 22
71 7
71 68
2 51
8 28
9 5
12 57
12 80
17 48
22 44
22 59
27 6
30 13
31 41
33 21
33 67
33 89
34 33
37 96
40 78
41 35
41 89
46 39
52 27
53 55
53 73
54 16
58 50
62 61
62 80
63 85
65 45
65 55
71 96
73 86
77 45
80 16
80 63
80 86
86 79
87 58
89 88
93 15
93 46
96 84
99 43
0 7
0 29
0 37
0 63
0 74
0 97
6 16
6 67
12 1
12 68
13 12
20 12
24 65
26 32
32 2
32 60
32 77
35 7
39 16
39 51
41 29
45 54
45 72
45 80
45 99
53 32
56 5
58 18
61 96
63 35
64 67
67 40
67 79
69 14
72 36
74 4
78 37
80 5
80 52
81 42
83 12
87 50
87 64
88 23
91 1
93 93
94 33
95 21
96 99
