101
71 15
6 28
7 8
46 16
66 91
0 3
3 46
16 90
19 25
31 56
33 17
34 2
36 41
42 32
43 46
51 15
53 99
57 17
70 54
75 79
76 61
78 15
80 56
85 27
87 11
8 16
9 85
11 4
11 29
13 11
16 19
19 3
20 10
21 36
21 56
23 26
25 6
25 17
28 69
35 65
42 8
47 97
50 85
51 55
52 79
57 95
59 89
60 45
61 5
63 16
67 76
72 18
78 88
80 67
83 83
85 3
86 44
88 71
92 51
93 2
94 65
94 78
96 15
0 33
4 39
6 93
9 49
13 73
17 86
22 74
23 99
24 85
26 29
26 48
27 41
28 10
32 96
33 37
36 79
38 25
39 61
40 68
45 29
47 6
49 38
53 24
54 31
56 53
58 75
59 39
61 33
61 98
63 67
68 48
79 37
86 59
88 15
89 21
90 39
91 7
96 68
