107
10 76
22 90
35 37
54 72
67 88
81 32
81 65
82 98
3 31
3 52
9 38
12 66
15 20
28 51
29 67
33 10
40 26
48 17
48 52
70 2
72 10
72 73
77 91
84 73
87 78
88 37
91 17
91 89
92 28
93 60
4 98
14 79
18 15
21 58
22 74
23 0
37 46
39 60
40 10
41 70
43 38
46 67
51 33
51 40
51 92
51 99
53 6
54 84
55 67
61 34
65 64
68 48
69 83
76 28
79 89
80 44
85 64
86 12
92 46
98 29
0 18
0 36
0 80
0 89
4 70
9 31
9 89
10 46
12 39
13 56
14 5
15 94
19 83
20 9
20 65
21 35
24 30
24 44
26 87
28 97
31 66
34 29
35 2
41 0
41 45
42 27
43 13
45 56
51 18
52 25
53 48
54 42
62 55
63 25
64 70
67 17
68 94
69 34
71 56
75 13
80 38
84 54
85 2
86 70
89 77
90 55
95 7
