114
13 90
16 11
66 12
94 58
4 40
29 22
38 49
40 26
41 14
42 75
46 35
49 60
50 88
53 30
55 37
61 30
73 84
74 12
76 96
77 63
95 73
0 14
0 22
8 13
11 67
13 50
14 24
16 91
18 22
22 15
25 49
30 97
32 58
33 91
35 5
37 41
44 6
47 47
49 9
51 51
55 67
61 94
70 23
78 37
80 5
80 15
83 97
86 52
87 16
87 42
90 90
91 25
92 46
93 1
93 31
97 82
0 9
0 35
0 43
0 63
1 32
3 50
3 84
8 79
9 5
9 56
10 30
15 76
18 65
19 96
22 1
23 83
26 10
26 31
26 54
29 78
30 18
31 66
34 86
37 59
39 20
39 80
39 92
40 67
42 40
44 0
44 97
47 72
48 82
51 4
53 16
54 43
54 98
55 9
58 2
60 38
60 70
61 60
66 39
66 79
69 93
70 29
71 2
73 68
75 51
75 89
79 24
79 71
81 30
89 78
91 10
93 42
93 51
96 19
