205
0 0
0 6
0 14
0 22
0 30
0 38
0 46
0 54
0 62
0 70
0 78
0 86
0 94
3 4
3 12
3 20
3 28
3 36
3 44
3 52
3 60
3 68
3 76
3 84
3 92
10 4
10 12
10 20
10 28
10 36
10 44
10 52
10 60
10 68
10 76
10 84
10 92
15 0
15 8
15 16
15 24
15 32
15 40
15 48
15 56
15 64
15 72
15 80
15 88
15 96
22 0
22 8
22 16
22 24
22 32
22 40
22 48
22 56
22 64
22 72
22 80
22 88
22 96
27 4
27 12
27 20
27 28
27 36
27 44
27 52
27 60
27 68
27 76
27 84
27 92
34 4
34 12
34 20
34 28
34 36
34 44
34 52
34 60
34 68
34 76
34 84
34 92
39 0
39 8
39 16
39 24
39 32
39 40
39 48
39 56
39 64
39 72
39 80
39 88
39 96
46 0
46 8
46 16
46 24
46 32
46 40
46 48
46 56
46 64
46 72
46 80
46 88
46 96
51 4
51 12
51 20
51 28
51 36
51 44
51 52
51 60
51 68
51 76
51 84
51 92
58 4
58 12
58 20
58 28
58 36
58 44
58 52
58 60
58 68
58 76
58 84
58 92
63 0
63 8
63 16
63 24
63 32
63 40
63 48
63 56
63 64
63 72
63 80
63 88
63 96
70 0
70 8
70 16
70 24
70 32
70 40
70 48
70 56
70 64
70 72
70 80
70 88
70 96
75 4
75 12
75 20
75 28
75 36
75 44
75 52
75 60
75 68
75 76
75 84
75 92
82 4
82 12
82 20
82 28
82 36
82 44
82 52
82 60
82 68
82 76
82 84
82 92
87 0
87 8
87 16
87 24
87 32
87 40
87 48
87 56
87 64
87 72
87 80
87 88
87 96
94 0
94 8
94 16
94 24
94 32
