103
38 67
70 11
8 63
12 52
32 49
78 39
86 8
96 39
8 8
20 66
23 15
23 30
25 6
41 3
42 86
44 27
46 90
49 25
86 34
87 53
95 83
10 20
12 44
14 4
17 86
20 74
21 49
26 85
29 4
29 55
30 78
32 14
36 21
39 39
39 52
44 60
47 1
49 47
49 71
50 81
52 37
53 77
55 28
56 7
59 34
62 73
62 95
64 39
68 28
69 34
69 72
71 98
78 48
78 79
78 89
81 15
83 62
84 90
90 12
90 30
92 59
94 51
95 19
97 31
0 2
0 22
0 43
2 71
6 35
8 81
9 71
10 96
11 40
11 60
15 26
15 35
19 42
24 11
25 27
29 97
34 77
36 91
38 69
40 12
42 96
49 17
54 54
54 64
57 44
57 85
61 8
64 90
65 47
70 41
71 21
72 67
73 0
79 25
80 41
82 96
86 1
92 64
95 6
