113
43 90
4 68
34 9
68 5
0 50
3 5
6 20
7 27
8 53
15 32
17 13
17 42
19 69
23 49
28 89
31 45
43 75
47 64
53 74
57 13
63 60
77 67
82 26
96 68
1 45
4 94
5 13
5 86
10 23
11 14
14 81
22 23
27 33
29 2
29 57
32 28
33 91
36 67
39 83
40 1
42 37
49 39
53 84
54 46
56 22
60 93
61 33
64 68
71 26
71 77
79 91
80 42
84 81
89 23
90 14
92 80
93 58
97 15
0 21
0 62
5 60
8 74
13 51
14 90
15 61
15 80
17 95
18 35
21 16
21 65
21 85
29 63
30 53
32 39
36 13
36 30
37 19
40 49
43 55
44 8
44 86
47 49
51 56
51 95
52 64
54 77
57 1
57 54
58 37
59 98
61 44
63 81
64 19
65 36
66 72
67 49
71 63
73 55
73 75
74 0
75 99
81 52
82 38
82 61
82 88
85 68
89 41
89 93
90 24
90 31
91 49
95 39
95 82
