110
48 12
2 54
17 3
70 96
75 8
3 18
8 69
14 54
15 96
23 38
23 90
31 38
33 59
36 31
41 91
54 35
57 46
60 14
64 83
65 69
76 21
81 65
82 90
90 31
90 38
0 41
3 86
6 10
7 51
8 87
14 73
17 8
21 97
22 82
26 78
27 69
30 86
35 56
40 35
41 63
49 0
56 65
62 40
67 80
68 30
71 13
71 48
75 32
76 81
79 1
84 46
84 59
90 26
92 50
95 74
96 2
96 63
0 25
4 22
8 97
10 25
12 32
12 47
15 89
18 42
19 60
19 69
20 54
22 1
23 49
24 29
25 12
25 20
26 94
31 6
31 65
32 19
37 8
38 24
39 85
41 31
41 55
42 77
43 6
43 45
46 17
47 27
47 39
47 53
48 61
49 99
55 74
55 87
56 7
58 96
60 60
62 88
65 57
66 3
69 52
75 14
75 71
80 24
81 9
81 83
83 70
85 78
88 87
92 98
96 51
