110
5 42
9 20
14 16
27 25
44 80
59 9
4 74
6 88
17 8
21 1
27 50
28 80
49 23
52 10
52 87
57 17
58 83
63 27
72 30
73 97
81 14
1 3
1 33
3 97
4 52
7 11
10 82
12 55
14 94
23 87
25 69
27 15
28 63
31 14
31 86
36 4
37 34
39 13
39 87
41 49
47 82
48 50
55 24
56 44
61 68
61 97
62 7
65 55
77 6
77 35
80 62
80 92
81 48
82 6
83 71
85 23
90 37
91 27
93 59
95 44
96 4
96 71
0 40
0 58
0 89
4 53
7 62
9 5
10 11
14 70
15 77
16 47
21 6
21 35
24 72
28 43
28 97
30 54
31 75
39 22
39 57
42 75
43 9
43 31
47 40
48 46
49 67
51 61
51 73
51 80
59 20
59 77
64 96
65 51
65 62
66 38
68 1
71 75
71 82
72 56
77 20
78 83
80 98
82 0
84 56
85 47
86 88
90 81
92 23
95 99
