102
54 71
6 75
15 21
34 79
35 67
61 91
71 25
80 20
90 34
5 93
6 38
15 3
16 40
25 59
32 11
33 97
49 84
53 66
54 3
67 7
71 81
94 57
0 2
0 86
1 30
3 66
5 44
7 56
9 79
12 94
14 26
14 83
16 65
17 54
28 24
34 43
34 57
37 32
40 84
40 92
41 28
41 70
45 8
48 28
49 14
50 75
52 21
53 11
53 52
56 86
57 95
62 54
65 10
66 97
67 58
72 39
74 86
78 61
80 30
80 39
80 66
81 49
82 75
86 1
98 20
2 16
9 32
17 17
18 46
19 63
21 80
23 49
26 72
27 2
33 52
36 35
37 61
39 15
40 0
43 44
44 50
53 26
54 14
54 68
55 0
64 37
65 0
65 47
65 72
69 11
71 99
72 49
82 99
83 18
87 4
87 87
88 69
88 80
90 35
92 10
92 50
96 95
