113
32 55
28 60
35 72
41 6
7 23
14 58
21 93
34 51
35 12
38 22
45 70
52 77
60 28
63 1
67 22
72 47
74 86
79 56
84 30
92 47
1 19
3 76
5 1
9 9
12 19
13 46
17 83
18 13
26 6
26 49
26 74
31 20
31 86
32 39
37 13
40 36
40 45
42 52
43 95
44 1
50 5
54 13
60 91
62 81
63 38
64 68
64 97
66 10
71 7
72 23
76 32
79 2
79 73
85 13
85 47
87 57
87 83
88 61
95 16
95 81
95 91
96 53
96 67
0 6
0 41
0 48
0 83
3 98
5 40
7 25
7 51
14 8
16 24
16 66
17 50
18 59
21 31
29 78
37 97
39 16
41 86
46 18
47 43
47 50
51 67
51 98
53 0
56 18
56 64
59 52
65 90
66 99
69 60
70 76
71 39
74 19
74 91
75 13
75 27
76 65
77 48
80 39
81 68
81 92
86 29
86 87
87 23
88 4
89 69
89 99
91 76
92 35
93 27
