115
1 51
11 38
85 86
87 70
3 30
5 9
9 82
12 6
15 46
27 33
32 41
34 28
37 46
39 8
39 94
43 70
49 48
49 86
52 5
53 41
71 73
77 34
79 79
85 49
2 40
3 59
5 73
7 66
23 62
30 84
33 22
36 57
38 50
39 63
40 14
42 87
45 56
46 17
46 29
48 93
49 68
56 52
56 97
57 27
58 73
60 36
61 4
67 95
69 89
70 14
70 65
74 4
74 41
76 16
78 52
86 11
87 18
88 95
89 42
94 50
96 89
0 85
0 93
1 4
1 80
2 44
4 52
6 93
13 1
13 75
14 9
14 25
16 83
17 40
17 49
17 93
20 77
21 14
21 27
22 97
23 2
24 9
24 82
28 90
31 0
31 14
33 78
40 37
43 10
44 81
47 37
51 13
51 85
55 61
58 49
61 0
61 89
65 52
68 46
70 97
71 30
75 64
77 10
78 89
78 99
80 40
82 0
83 59
83 78
86 84
89 55
93 68
93 77
94 23
94 96
