108
23 85
25 5
37 52
38 82
50 64
63 56
75 36
86 35
88 3
91 77
9 0
19 30
25 37
26 89
43 11
47 17
70 9
70 81
74 28
89 89
90 96
91 40
1 11
2 24
2 35
2 77
6 52
12 63
14 70
18 89
21 68
22 1
24 59
29 14
30 60
31 31
33 37
34 22
35 93
38 65
45 71
47 51
48 9
49 28
54 15
54 21
56 97
61 81
62 90
74 74
76 19
79 59
87 68
88 21
90 55
93 24
94 0
94 98
95 31
96 9
0 0
0 94
1 70
5 61
6 36
9 31
10 80
12 44
14 56
14 97
15 24
19 74
21 43
29 70
31 9
33 78
37 26
39 37
39 64
41 80
42 59
43 94
47 55
47 85
51 61
54 28
54 45
54 52
56 3
56 39
60 23
63 77
65 27
66 41
66 71
66 92
70 16
74 1
76 95
77 39
80 30
80 46
91 88
92 74
93 53
94 18
95 93
96 27
