106
21 49
39 50
52 33
0 33
21 26
24 93
26 4
38 83
83 93
88 42
1 75
3 5
9 15
10 78
27 59
33 8
43 67
46 81
49 71
64 60
77 17
80 51
81 9
96 65
1 56
6 39
10 29
13 57
16 62
19 31
20 40
25 49
30 70
30 77
32 97
43 62
44 24
44 93
54 45
57 8
61 19
63 9
64 46
64 53
66 96
70 33
73 65
77 44
79 83
82 22
82 32
86 8
90 72
91 87
93 95
94 7
94 53
0 12
2 76
3 61
3 84
9 22
9 96
13 45
15 9
15 92
16 99
17 66
21 29
25 88
28 42
30 59
32 12
32 27
33 77
36 21
37 0
38 72
41 50
43 57
45 2
45 85
46 92
52 67
53 50
57 81
60 89
65 76
67 14
68 97
69 58
71 2
71 27
71 39
71 83
73 92
77 5
78 65
80 99
81 85
83 18
89 16
94 25
94 32
95 87
96 46
