103
0 3
0 15
0 27
0 39
0 51
0 63
0 75
0 87
2 94
4 6
4 18
4 30
4 42
4 54
4 66
4 78
6 85
6 97
8 3
8 15
8 27
8 39
8 51
8 63
8 75
10 88
12 6
12 18
12 30
12 42
12 54
12 66
12 78
12 96
16 3
16 15
16 27
16 39
16 51
16 63
16 75
16 87
18 94
20 6
20 18
20 30
20 42
20 54
20 66
20 78
22 85
22 97
24 3
24 15
24 27
24 39
24 51
24 63
24 75
26 88
28 6
28 18
28 30
28 42
28 54
28 66
28 78
28 96
32 3
32 15
32 27
32 39
32 51
32 63
32 75
32 87
34 94
36 6
36 18
36 30
36 42
36 54
36 66
36 78
38 85
38 97
40 3
40 15
40 27
40 39
40 51
40 63
40 75
42 88
44 6
44 18
44 30
44 42
44 54
44 66
44 78
44 96
45 0
