109
6 56
48 50
72 12
54 96
57 74
75 27
0 58
10 85
11 4
16 61
21 87
23 73
25 56
34 48
48 14
51 45
70 61
78 10
78 28
83 15
0 31
0 51
4 9
4 41
9 26
10 98
14 66
15 28
16 53
17 35
28 1
28 82
32 16
32 22
32 97
33 33
39 13
41 67
50 89
51 54
51 72
56 43
58 5
58 56
59 66
59 92
61 31
68 29
69 96
70 2
71 87
73 50
77 84
78 92
79 62
81 21
82 71
86 76
89 32
90 49
92 9
95 85
0 85
1 1
2 36
2 81
3 45
4 18
11 58
11 93
12 20
15 8
16 98
20 17
20 50
21 62
27 61
31 6
32 54
33 37
40 73
41 25
42 37
45 61
48 15
52 28
58 1
59 41
60 12
60 84
63 59
67 41
71 6
71 74
74 43
80 46
81 63
81 84
83 55
84 0
84 89
85 42
88 20
90 62
90 72
92 91
93 9
96 22
96 66
