107
20 74
28 22
47 62
52 88
59 88
90 31
94 42
2 11
7 46
10 56
36 39
39 67
41 43
41 50
44 28
45 4
61 77
65 50
77 78
80 35
85 49
91 58
99 74
0 74
0 96
1 2
3 34
7 15
8 83
11 89
14 49
16 31
18 19
18 44
22 85
23 3
23 32
24 70
25 90
27 57
33 56
34 28
36 78
40 21
40 74
46 34
54 18
58 34
59 1
61 12
61 21
62 42
69 22
71 92
72 87
76 39
76 52
77 0
83 71
84 86
85 78
95 61
97 26
0 18
0 50
0 79
2 38
3 60
3 68
5 28
14 61
17 47
21 10
21 42
22 18
23 79
24 66
28 21
28 34
29 62
32 94
35 89
37 17
40 83
40 94
41 47
42 12
46 5
47 80
57 69
58 57
59 86
59 94
60 63
61 36
65 6
66 42
67 12
68 35
69 60
72 18
75 28
76 95
82 14
89 69
95 67
96 53
