110
3 86
8 97
35 22
41 86
42 19
2 49
6 39
8 17
12 28
19 76
43 74
50 49
61 7
64 24
70 15
76 30
82 28
88 16
92 58
0 96
1 21
8 46
14 11
14 60
15 50
20 2
21 45
22 94
23 37
25 6
26 47
26 86
29 29
29 54
33 33
36 46
39 56
39 68
51 27
51 70
52 33
55 77
55 87
59 90
60 42
61 67
62 74
64 2
65 35
66 82
71 19
78 94
80 6
81 14
81 78
83 56
83 65
85 87
87 5
87 41
88 80
89 32
93 67
94 3
95 98
96 48
0 2
0 36
0 61
0 87
2 8
7 88
8 5
10 79
11 66
13 32
21 76
22 61
23 17
26 91
28 77
29 0
32 99
37 29
37 39
38 50
38 65
42 88
46 0
46 99
50 5
52 97
53 20
53 63
54 36
55 54
59 18
62 47
68 50
70 98
71 66
73 87
74 75
76 69
77 46
84 54
86 89
90 84
94 29
94 78
