113
3 22
24 19
34 31
38 63
54 12
7 14
9 20
12 78
22 12
25 44
28 5
28 87
36 39
42 12
47 37
72 90
73 62
76 84
77 6
84 75
85 61
86 43
93 44
2 31
4 92
5 45
5 73
7 57
10 51
16 36
18 6
20 26
22 80
29 18
33 24
34 70
34 83
44 59
47 72
47 81
49 20
53 29
54 22
57 66
58 4
58 87
62 10
65 65
69 25
69 34
76 59
77 36
82 4
83 89
86 30
89 98
95 17
0 0
0 8
0 58
0 67
4 2
4 29
4 85
6 95
8 71
10 5
11 12
13 83
13 99
15 77
17 58
18 96
21 39
24 67
25 76
28 93
30 10
30 46
31 59
36 67
37 1
39 74
40 33
42 91
43 4
44 42
44 50
45 12
49 99
50 47
55 73
58 38
61 52
62 86
67 71
67 94
68 8
70 1
74 11
75 74
76 27
79 96
80 51
81 65
82 19
85 27
85 83
88 10
92 67
93 80
94 0
94 60
