106
78 92
21 14
25 50
36 77
41 71
61 38
81 65
1 38
1 74
2 65
3 14
9 85
14 73
26 19
31 40
37 34
38 79
41 86
70 54
75 96
76 73
84 29
88 5
88 21
88 70
0 26
8 52
10 9
14 13
15 24
20 34
21 62
28 30
31 59
31 70
32 15
32 92
38 13
40 29
43 18
45 49
45 77
50 95
54 55
57 32
57 44
58 80
59 60
61 10
63 65
66 93
67 9
72 61
74 25
82 94
84 45
85 13
86 56
88 77
92 26
94 48
0 18
0 81
4 69
9 58
12 0
12 46
14 87
17 95
18 68
19 76
20 44
22 86
24 5
30 88
31 66
34 1
34 47
37 91
39 68
40 23
40 61
41 41
42 0
47 20
47 36
47 43
53 8
53 21
57 90
62 37
63 3
64 27
71 86
73 57
75 4
75 32
76 69
84 50
85 84
88 89
91 62
93 83
93 99
95 5
96 67
