137
50 17
0 1
0 27
2 77
7 19
8 37
8 67
8 91
10 47
12 77
17 9
17 19
17 29
18 59
20 46
27 9
27 49
27 89
28 37
28 71
28 97
29 2
29 17
37 39
37 79
38 8
38 27
38 61
42 47
47 89
48 61
50 38
51 77
52 47
58 7
58 27
58 67
62 97
67 59
68 0
68 27
68 41
68 81
70 66
71 87
72 47
77 89
78 1
78 27
78 50
78 77
79 67
80 17
80 96
82 7
87 59
88 37
90 22
90 76
97 1
97 31
97 57
97 90
0 6
0 16
0 36
0 46
0 54
0 56
0 66
0 86
0 96
7 0
7 9
7 29
7 59
7 99
14 84
17 0
17 39
17 69
17 79
17 89
17 99
20 25
27 29
27 59
27 79
31 44
32 93
37 0
37 19
37 69
37 89
37 99
42 36
42 75
47 0
47 9
47 29
47 69
47 99
54 84
57 0
57 19
57 39
57 49
57 59
57 79
57 89
60 74
61 12
67 9
67 19
67 99
70 14
77 39
77 59
80 46
82 85
86 99
87 0
87 9
87 29
87 49
87 69
87 89
90 44
93 14
95 62
96 9
96 19
96 39
96 49
96 69
96 79
96 99
