100
0 3
0 12
0 21
0 30
0 39
0 45
0 57
0 67
0 77
0 87
2 95
5 2
5 12
5 22
5 32
5 42
5 52
5 62
5 72
5 82
7 90
10 2
10 12
10 22
10 32
10 42
10 52
10 62
10 72
10 82
12 95
15 2
15 12
15 22
15 32
15 42
15 52
15 62
15 72
15 82
17 90
20 2
20 12
20 22
20 32
20 42
20 52
20 62
20 72
20 82
22 95
25 2
25 12
25 22
25 32
25 42
25 52
25 62
25 72
25 82
27 90
30 2
30 12
30 22
30 32
30 42
30 52
30 62
30 72
30 82
49 2
49 12
49 22
49 32
49 42
70 2
70 12
70 22
70 32
70 42
70 52
70 62
70 72
70 82
70 92
77 1
78 18
78 32
80 42
92 45
27 95
72 50
72 72
77 7
87 4
87 20
92 9
92 17
92 33
92 40
