107
58 95
1 80
22 35
22 49
29 8
56 42
65 89
82 42
3 62
20 58
23 22
28 59
29 29
32 38
32 86
44 20
44 54
62 41
65 65
80 59
81 22
81 91
91 80
0 16
0 40
7 48
13 52
15 75
16 21
16 90
18 8
19 63
20 43
28 2
34 17
36 4
37 40
37 95
41 47
43 79
47 43
50 66
51 32
56 9
57 69
57 84
58 80
61 32
64 79
66 0
67 51
72 11
73 3
79 52
83 30
89 93
91 13
92 50
93 72
93 95
95 26
95 61
96 42
0 33
0 54
1 29
4 4
4 19
6 55
6 70
13 45
13 82
14 34
23 82
26 90
31 72
32 58
32 87
33 65
38 27
39 63
40 34
40 97
42 14
48 55
49 72
54 14
56 38
57 57
57 74
62 37
63 21
69 88
70 40
71 97
73 19
74 7
79 96
80 77
83 4
83 36
85 54
90 76
94 93
95 57
96 6
96 81
