87
19 20
28 44
3 6
8 9
11 15
22 25
44 6
91 8
9 30
30 26
33 41
36 12
36 28
39 78
46 38
58 44
65 43
74 26
2 39
12 22
12 44
14 29
18 36
19 4
34 96
79 80
87 72
97 28
97 97
0 58
3 19
13 17
15 47
17 76
19 40
20 88
30 22
30 73
31 53
33 60
40 13
40 28
43 50
46 13
48 60
52 86
56 76
61 53
66 78
68 52
82 53
84 28
85 16
88 41
90 4
0 28
0 43
3 15
7 2
14 92
15 52
22 30
25 48
26 14
26 38
33 66
33 92
36 2
36 40
39 54
42 72
43 2
46 26
48 18
50 50
58 12
64 5
69 18
69 60
69 69
83 8
83 81
86 60
88 66
93 72
95 19
96 3
