107
30 65
33 55
42 51
59 56
69 68
77 8
96 27
6 95
9 14
19 24
23 86
31 5
40 5
50 53
50 90
54 34
56 88
64 57
65 75
71 17
78 48
78 53
82 68
95 87
0 52
2 60
6 51
7 83
14 58
24 3
24 42
24 50
29 70
30 95
31 51
32 21
43 95
46 45
46 67
51 70
53 26
53 40
57 5
58 71
59 43
65 13
69 36
69 53
71 78
73 88
78 79
81 88
83 91
84 58
86 23
86 73
88 38
89 15
91 49
91 59
96 35
96 95
4 9
6 1
6 39
10 76
14 42
16 15
17 56
20 93
22 11
22 63
26 31
27 83
32 11
33 67
35 56
36 27
36 72
37 62
40 22
41 55
41 81
43 99
47 7
51 58
53 80
54 15
55 98
58 21
59 36
61 69
63 63
63 98
65 49
66 27
66 72
70 22
73 30
76 41
81 15
84 5
89 98
91 79
92 30
95 6
96 71
