106
1 30
15 34
36 14
65 25
81 39
97 70
0 75
6 81
9 45
13 65
17 3
22 55
30 32
32 6
32 95
41 84
48 10
58 53
64 41
67 97
70 8
74 23
85 19
89 33
90 41
91 94
93 81
0 59
12 22
13 85
20 91
23 96
24 9
25 40
27 86
34 79
35 21
43 22
44 71
46 0
46 43
50 63
53 33
54 24
55 67
55 79
64 91
68 56
69 83
71 66
74 46
79 1
80 65
80 93
82 13
82 46
83 57
87 74
90 24
94 62
97 94
0 35
0 47
0 82
0 93
1 13
12 49
14 30
16 11
16 21
19 83
21 27
22 48
23 16
25 55
32 43
32 58
35 64
35 89
38 3
38 94
42 89
46 74
52 9
55 1
56 35
57 98
59 8
60 46
60 84
63 33
65 17
72 77
74 84
75 9
75 57
83 6
83 97
86 50
89 4
92 75
93 30
95 3
95 49
95 59
95 82
