111
35 96
36 22
75 56
77 34
95 76
10 25
14 69
15 11
16 40
24 21
43 12
48 2
59 83
64 5
64 14
68 29
84 40
87 11
95 24
95 95
98 79
0 20
5 7
5 61
5 78
8 16
9 54
16 81
19 92
21 50
24 8
25 53
28 36
28 97
31 5
36 38
38 94
40 32
44 97
47 7
48 53
50 29
54 51
55 23
56 59
60 90
62 37
62 45
63 78
67 52
71 8
79 48
80 4
81 57
83 22
86 64
94 86
97 65
0 0
0 96
3 43
4 23
6 32
7 64
13 74
16 19
16 26
17 12
17 39
18 0
29 73
32 54
32 67
33 6
36 1
36 48
37 79
40 58
41 38
41 67
42 75
42 82
42 91
48 55
50 36
51 83
53 3
53 28
57 51
61 63
63 2
67 16
67 61
68 68
70 31
72 4
74 72
77 30
78 95
84 23
86 47
88 97
92 36
93 5
93 14
95 88
96 0
96 28
96 57
96 74
96 99
