105
4 19
42 64
46 37
53 49
77 56
80 3
85 62
89 80
91 5
96 81
9 88
18 60
18 73
23 52
35 34
45 81
46 10
55 15
64 46
70 9
77 64
78 10
83 21
87 53
1 93
2 49
5 30
8 77
10 5
10 22
10 67
13 40
25 29
27 19
27 35
29 25
30 82
33 21
33 73
35 5
35 13
44 72
46 29
48 5
48 83
51 63
56 36
61 7
61 62
63 55
71 86
73 23
73 70
74 45
76 32
76 40
85 86
88 63
89 18
89 91
94 94
0 6
0 68
0 85
4 81
5 97
9 51
11 88
12 15
14 34
15 9
23 98
24 65
28 58
29 44
35 26
35 84
35 92
39 97
42 91
43 54
45 15
46 44
48 24
48 92
51 79
52 56
53 97
59 87
59 96
60 2
61 21
62 14
63 28
65 51
67 60
74 78
75 23
76 7
84 0
87 83
91 26
91 72
95 50
95 57
