107
7 51
16 82
29 80
62 35
73 3
77 35
2 97
4 11
6 77
8 21
15 65
17 34
25 23
25 89
33 35
37 53
49 73
55 53
66 49
67 76
82 85
83 23
83 34
89 71
90 81
0 33
0 69
2 4
10 81
16 55
18 7
26 50
27 18
31 59
32 6
38 47
41 16
44 7
47 29
48 18
57 83
59 33
59 98
62 22
66 64
69 79
73 13
77 51
81 47
83 18
83 61
91 96
95 23
96 66
97 80
1 44
2 55
5 60
8 3
8 14
9 30
11 86
20 98
21 63
22 39
23 77
27 42
29 48
29 91
30 73
31 22
34 94
35 37
36 9
37 74
38 28
40 49
42 55
43 77
44 44
45 98
49 40
52 70
53 45
53 59
57 75
61 91
62 3
64 29
64 36
64 54
67 21
67 90
69 63
70 69
73 24
76 90
77 2
80 30
82 76
87 36
87 87
89 45
95 8
95 42
96 25
96 90
