107
10 51
12 73
75 83
90 90
2 93
6 43
9 33
10 58
12 6
17 37
18 97
24 7
25 43
37 97
40 85
40 92
57 66
64 22
65 33
76 10
80 32
87 39
91 70
0 0
0 9
0 36
2 65
3 84
6 23
11 65
16 27
20 89
24 79
24 97
28 33
33 86
37 45
39 2
39 25
40 18
45 28
46 10
48 6
48 84
50 17
50 50
50 79
53 95
54 21
60 58
62 76
63 52
64 94
68 31
68 99
74 38
75 49
76 94
77 14
79 57
80 84
85 50
86 11
91 6
92 16
92 25
4 2
4 9
8 18
10 82
11 92
14 14
16 78
17 66
20 33
23 22
25 55
27 6
28 98
30 22
37 64
42 35
42 58
51 71
53 52
54 99
55 28
57 64
67 3
70 74
72 90
75 23
78 0
80 64
80 71
81 28
83 21
84 3
87 63
87 95
88 34
93 67
93 87
94 11
95 21
95 46
96 61
