109
51 29
56 14
87 2
60 86
79 19
2 79
15 54
17 98
18 30
24 6
24 89
25 39
40 25
41 65
42 33
44 56
49 34
56 7
56 72
66 64
71 92
75 74
80 36
87 73
0 41
3 87
7 60
14 9
14 48
15 21
16 74
20 47
25 68
31 81
32 4
32 60
36 50
39 11
43 19
48 57
48 90
51 24
55 44
56 82
57 61
60 28
61 97
62 49
66 78
69 42
72 99
74 25
74 68
83 83
84 8
84 52
89 40
92 95
0 42
0 66
0 93
3 25
7 41
7 84
11 36
12 66
13 15
14 42
16 82
17 57
22 19
26 2
26 86
27 35
27 53
28 18
29 26
35 64
36 94
39 78
40 87
43 73
49 50
54 69
57 35
61 8
65 13
66 1
66 83
67 54
70 17
72 51
74 10
75 42
75 97
78 62
80 93
81 46
84 61
85 22
87 28
87 48
91 68
92 14
94 1
94 76
95 88
96 47
96 58
