116
3 69
5 33
35 7
77 48
9 65
17 91
38 32
47 54
49 68
50 41
51 32
53 50
58 82
60 94
66 50
68 38
71 10
76 82
84 44
86 50
0 10
0 77
6 0
7 12
7 88
8 44
13 52
14 33
20 76
27 21
27 95
31 67
32 20
36 54
37 20
39 43
42 13
42 21
45 2
46 45
50 7
56 61
57 5
59 0
62 70
63 29
63 83
65 45
67 27
69 71
79 88
81 75
86 66
87 84
89 11
91 53
92 72
93 45
94 1
0 16
0 18
0 36
0 44
0 51
0 60
1 27
1 42
8 40
11 87
15 40
15 48
18 17
21 33
23 0
23 76
23 88
27 7
27 48
30 59
35 10
35 88
36 27
36 57
36 64
36 82
40 40
41 60
46 50
47 74
47 99
48 60
49 24
53 13
54 20
58 37
59 9
63 86
65 12
65 61
70 67
72 30
74 2
74 76
75 58
78 26
79 80
81 32
83 6
85 99
87 1
89 33
89 94
91 79
92 10
95 34
96 57
