113
14 5
31 13
71 43
72 24
12 39
12 56
19 24
25 9
26 93
27 37
29 68
32 97
36 68
38 55
38 92
46 1
58 30
71 91
78 44
84 2
91 23
92 71
97 23
0 61
3 44
10 11
12 98
14 84
15 68
16 74
17 15
17 33
34 8
37 34
38 61
42 70
43 23
46 34
48 84
50 25
50 74
54 13
57 18
57 69
57 81
62 56
63 45
64 70
65 85
66 40
68 50
71 8
71 29
72 2
74 70
80 47
80 80
84 60
90 34
97 41
0 37
0 52
0 62
1 12
3 82
5 68
6 0
17 83
19 48
20 36
22 99
23 53
23 75
24 24
25 7
27 48
28 91
29 74
31 84
36 50
39 86
40 99
43 10
44 18
46 93
48 38
49 45
50 64
54 39
56 50
56 89
57 62
60 96
62 2
65 23
66 61
69 38
69 55
70 97
73 23
74 60
76 12
83 93
84 26
86 11
86 51
88 63
91 0
91 14
93 57
95 49
96 76
96 94
