115
47 66
59 46
71 54
95 30
17 63
20 58
23 15
28 87
44 16
49 30
54 30
55 37
56 55
63 2
72 9
75 37
75 70
82 61
89 56
95 97
0 92
2 20
5 46
5 79
6 62
7 68
8 27
14 39
14 86
17 3
21 47
29 52
30 7
32 18
32 29
32 37
32 68
35 96
40 76
41 38
42 48
43 60
44 87
46 52
51 98
52 80
53 90
56 59
57 77
60 69
62 47
64 64
65 28
68 85
68 91
75 79
76 63
77 91
83 29
88 22
89 7
94 37
94 74
97 17
0 31
3 57
3 87
4 6
4 18
9 10
10 32
11 97
12 15
13 72
18 27
18 77
18 94
21 72
22 63
24 28
25 98
28 58
35 14
37 86
44 1
44 22
45 43
47 15
47 71
52 4
55 16
55 83
55 92
58 56
60 36
63 10
65 20
67 42
70 2
70 13
72 50
74 19
77 39
77 73
78 3
78 51
79 81
79 97
80 15
86 68
87 42
90 87
91 57
95 8
95 62
