110
10 52
2 53
12 34
30 85
33 6
76 82
84 28
25 23
34 31
60 53
67 75
69 3
70 40
71 27
73 95
75 63
83 67
85 19
90 77
91 92
94 53
0 0
0 23
0 33
1 12
5 70
7 60
10 68
11 9
11 78
12 94
18 72
18 85
19 39
20 4
23 91
27 65
29 96
34 64
35 93
36 3
40 34
40 67
43 80
47 34
47 88
51 19
54 8
55 72
58 77
59 65
67 14
70 74
74 50
76 15
78 91
80 58
86 7
88 43
89 56
96 95
0 5
0 90
1 18
7 16
8 44
12 23
13 30
15 52
17 15
19 67
23 6
30 26
33 84
33 96
37 23
38 6
40 12
40 51
46 96
47 5
48 40
48 90
55 45
56 7
58 39
60 1
61 22
63 28
63 92
64 63
67 81
69 5
71 29
71 89
74 99
75 0
76 76
78 34
78 86
79 25
80 98
83 64
86 87
89 25
93 20
93 32
95 8
95 70
96 45
