103
4 4
4 39
5 23
5 58
19 4
19 39
20 23
20 58
31 79
31 94
34 4
34 39
35 23
35 58
46 79
46 94
49 4
49 39
50 23
50 58
61 79
61 94
64 4
64 39
65 23
65 58
76 79
76 94
79 4
79 39
80 23
80 58
91 79
91 94
0 0
0 7
0 18
0 33
0 42
0 53
6 27
6 62
12 21
12 56
14 0
14 9
14 35
14 44
15 96
21 27
21 62
27 21
27 56
27 72
29 0
29 9
29 35
29 44
34 90
34 99
36 27
36 62
36 78
42 21
42 56
42 72
44 0
44 9
44 35
44 44
49 90
49 99
51 27
51 62
51 78
57 21
57 56
57 72
59 0
59 9
59 35
59 44
64 90
64 99
66 27
66 62
66 78
72 21
72 56
72 72
74 0
74 9
74 35
74 44
79 90
79 99
81 27
81 62
81 78
87 72
94 90
94 99
96 78
