113
8 95
21 45
32 81
39 52
58 76
68 88
76 35
0 68
5 56
8 20
10 72
11 83
19 91
29 12
45 21
63 82
69 2
72 81
82 8
84 26
90 63
94 3
0 85
3 77
7 10
10 29
11 5
12 19
12 64
16 57
17 25
19 37
22 62
25 27
29 17
31 68
32 49
36 0
38 60
42 5
42 44
44 32
46 59
49 10
49 41
49 49
49 88
53 19
55 68
58 16
58 49
62 36
77 97
78 52
79 22
82 90
85 66
86 95
89 85
91 44
92 90
93 79
96 33
0 55
6 51
13 11
15 66
21 46
22 1
23 95
26 32
27 55
27 77
30 26
34 42
36 70
36 89
38 10
38 17
38 27
39 81
45 3
49 56
51 2
53 96
57 1
57 22
57 52
62 6
63 59
63 97
64 30
64 49
70 64
71 12
72 48
73 41
75 68
76 75
77 59
79 81
81 13
84 57
87 8
88 14
89 74
90 50
92 99
94 36
94 62
95 42
96 76
96 85
