110
34 59
35 45
60 59
71 87
78 84
88 90
97 23
1 55
2 27
5 64
17 85
23 89
24 43
50 63
51 79
56 86
61 23
62 64
65 56
80 1
81 18
89 66
0 83
5 74
5 96
6 16
11 39
11 74
13 5
13 80
14 64
22 5
23 30
24 87
27 51
30 91
32 31
34 74
39 69
44 52
45 24
46 99
47 11
53 64
54 76
56 32
63 40
65 82
67 18
69 0
71 60
76 64
80 79
85 5
86 59
88 4
89 82
91 98
94 48
95 75
97 7
0 93
2 35
4 56
8 11
11 51
11 99
15 25
16 46
16 72
18 55
23 61
29 20
30 80
31 13
34 37
35 46
36 60
38 95
42 84
47 87
50 4
51 14
51 40
54 99
55 54
56 79
58 0
61 5
63 78
64 66
66 35
69 48
70 8
72 75
73 20
73 90
76 11
76 42
78 57
80 24
80 92
82 14
83 39
86 32
87 19
88 10
94 59
95 37
96 81
