103
6 0
6 7
6 14
6 21
6 28
6 35
6 42
6 49
6 56
6 63
6 70
27 0
27 7
27 14
27 21
27 28
27 35
27 42
27 49
27 56
27 63
27 70
27 77
48 0
48 7
48 14
48 21
48 28
48 35
48 42
48 49
48 56
48 63
48 70
0 0
0 4
0 11
0 18
0 25
0 32
0 39
0 46
0 53
0 60
0 67
11 0
11 7
11 14
11 21
11 28
11 35
11 42
11 49
11 56
11 63
11 70
18 0
18 7
18 14
18 21
18 28
18 35
18 42
18 49
18 56
18 63
18 70
18 77
32 0
32 7
32 14
32 21
32 28
32 35
32 42
32 49
32 56
32 63
32 70
32 77
39 0
39 7
39 14
39 21
39 28
39 35
39 42
39 49
39 56
39 63
39 70
53 0
53 7
53 14
53 21
53 28
53 35
53 42
53 49
53 56
53 63
53 70
66 69
