114
74 78
82 8
7 63
28 71
32 58
56 18
57 79
70 31
10 80
11 58
21 7
25 24
39 91
50 55
54 68
54 85
70 10
82 3
83 31
0 42
0 51
0 92
7 19
7 51
10 0
10 87
13 46
18 64
30 85
38 32
44 79
45 11
45 67
49 47
52 91
55 36
60 40
60 71
62 94
63 17
64 35
67 23
67 63
69 84
71 54
77 13
77 25
79 78
80 18
81 95
88 60
91 45
92 25
93 8
95 20
95 81
0 5
0 16
0 31
0 59
0 77
0 85
3 10
5 70
7 37
13 93
14 22
15 2
16 41
18 97
21 89
24 48
27 65
30 28
30 46
30 94
31 0
32 38
35 59
36 17
37 78
38 44
40 28
41 95
42 1
43 39
44 90
47 4
49 15
52 56
58 8
61 1
65 90
67 18
69 40
73 71
75 52
76 86
77 36
80 41
81 77
82 48
82 88
84 9
84 66
85 94
87 53
88 37
89 0
89 89
90 99
92 31
93 13
95 69
