125
47 12
59 4
81 8
7 12
8 89
22 10
30 7
30 19
31 33
39 39
45 4
58 10
72 17
73 41
75 10
83 71
0 2
2 20
4 48
7 39
9 2
11 10
14 93
16 19
17 1
20 32
21 63
22 79
27 41
32 23
37 6
38 16
44 68
50 29
52 76
55 21
55 42
57 87
58 69
62 11
63 80
68 2
70 54
71 79
80 56
83 83
83 93
87 41
87 52
88 4
88 67
90 90
91 11
91 80
92 73
97 48
0 59
0 66
0 79
0 92
1 38
2 28
5 71
8 48
9 65
9 99
10 29
10 58
12 83
13 77
15 12
15 43
16 50
18 22
22 33
23 93
25 47
26 27
26 68
27 1
29 74
31 89
32 44
34 68
35 29
35 82
36 55
38 96
39 43
40 87
41 22
42 49
42 60
45 44
45 80
47 1
49 91
50 10
51 49
53 99
57 34
59 2
60 56
60 66
61 25
62 90
63 31
63 74
65 8
68 67
73 34
73 89
75 16
76 61
78 24
79 31
82 12
84 37
85 17
89 33
90 53
93 19
94 64
95 98
96 4
