107
10 18
57 62
75 10
32 37
37 10
75 43
82 99
2 8
9 42
13 52
18 56
23 23
23 74
32 62
34 17
35 76
42 58
63 7
63 16
63 25
78 89
79 80
85 16
1 62
1 85
2 33
4 67
5 77
7 97
12 4
13 17
13 27
14 68
19 2
20 65
26 0
26 52
28 80
31 4
36 31
41 48
41 68
42 2
42 90
44 29
45 95
47 42
48 74
52 88
65 66
70 50
70 80
71 34
72 66
74 96
75 22
79 55
80 31
86 3
86 25
93 23
95 46
0 11
2 47
5 22
8 83
15 18
17 8
20 42
23 33
23 98
26 12
26 75
33 85
34 25
34 57
34 91
37 97
39 44
41 10
42 16
43 22
43 56
43 84
51 74
51 84
52 5
56 28
57 48
58 96
59 86
62 37
66 45
66 58
67 97
69 88
73 2
74 16
81 91
85 11
87 46
88 67
91 85
92 91
94 79
95 37
96 25
