120
34 48
57 61
63 36
91 8
2 37
4 7
8 63
9 39
31 86
33 66
34 12
37 56
38 42
44 23
44 69
47 38
61 24
62 97
69 49
73 17
86 35
87 15
97 23
0 97
1 25
2 69
4 86
9 12
9 91
20 4
22 14
23 40
26 95
28 78
30 1
39 94
46 21
46 62
46 79
51 28
52 11
53 59
53 94
55 83
57 66
61 13
64 17
73 45
73 91
76 16
80 92
81 4
81 23
93 40
93 59
94 32
95 87
97 68
0 29
0 50
3 31
4 5
4 55
5 48
5 73
9 85
10 0
11 29
11 78
12 20
13 98
14 36
14 90
17 73
22 84
23 35
24 61
25 20
28 73
28 99
29 34
30 6
33 17
33 27
37 47
38 13
39 30
43 86
45 94
53 2
55 73
60 29
60 84
63 3
64 95
65 22
66 30
67 41
68 0
71 10
71 55
72 34
73 22
73 61
76 99
77 41
82 11
82 50
82 74
83 90
84 83
87 29
87 64
88 78
90 69
93 60
95 6
95 42
96 35
96 76
