108
88 51
9 23
11 7
58 34
92 22
0 78
20 5
22 71
27 94
29 72
33 65
35 24
43 85
58 27
65 60
73 54
74 18
78 66
86 13
87 85
91 3
92 35
1 29
3 66
4 94
8 12
13 60
19 31
20 79
21 64
26 51
27 44
29 16
30 78
36 90
39 7
39 74
45 66
46 71
47 54
51 25
55 9
58 71
59 89
62 46
64 95
66 6
66 20
66 33
71 95
79 70
80 34
83 46
85 28
85 59
86 72
89 86
94 49
95 43
96 8
96 65
96 76
97 87
3 87
5 39
7 28
9 2
10 35
10 91
12 8
13 75
15 20
16 98
19 25
19 57
20 93
24 85
25 60
26 25
27 35
28 2
32 29
35 65
38 42
38 58
39 99
43 45
44 13
45 0
50 92
54 99
64 1
64 65
65 25
65 55
65 90
70 12
70 46
71 31
73 81
75 41
78 6
82 20
86 65
95 53
95 96
96 2
96 12
