110
2 56
27 63
40 92
48 87
59 90
64 68
87 64
4 8
4 47
15 11
16 73
19 82
32 22
33 46
40 6
42 25
44 18
48 31
48 78
54 83
61 60
62 19
66 42
72 13
76 67
83 90
96 23
98 17
1 22
2 33
8 55
20 62
21 18
24 40
25 87
31 78
35 76
37 66
38 84
42 45
43 53
46 61
47 97
50 56
58 3
59 30
60 50
64 78
66 60
68 79
71 26
73 75
76 46
78 9
93 83
95 67
97 87
0 36
0 71
0 78
0 88
2 61
5 0
8 19
13 96
14 87
16 54
18 48
19 76
22 25
23 35
25 96
26 2
32 11
33 33
34 60
39 77
42 0
45 69
47 46
50 29
50 91
52 21
52 97
54 13
56 41
56 63
57 8
60 26
60 35
61 54
62 98
66 69
69 54
73 59
76 23
76 64
79 39
79 78
79 96
80 55
81 85
82 19
86 41
86 92
88 63
88 73
91 35
96 39
96 49
