111
4 32
69 89
7 49
9 9
20 50
28 4
31 49
32 16
35 90
39 21
39 75
41 90
52 71
59 98
65 45
68 8
79 82
80 28
87 63
93 55
96 60
96 93
1 3
1 74
2 43
5 24
7 40
7 71
8 83
10 61
13 16
15 25
20 1
21 33
32 41
33 69
34 25
35 54
37 85
39 37
42 27
43 51
48 77
52 61
55 85
57 76
59 37
59 62
61 3
64 10
67 27
70 17
70 45
70 66
73 56
73 95
75 7
77 68
79 60
81 97
83 71
86 86
90 35
94 15
0 12
0 57
0 79
3 4
5 32
6 90
15 82
16 13
17 6
18 26
18 57
19 98
24 72
27 21
27 79
28 36
28 97
31 74
36 9
40 67
42 11
42 38
46 63
47 2
48 18
49 11
51 38
53 29
54 22
55 15
59 89
61 66
62 33
65 50
67 81
73 19
81 40
83 13
83 50
83 80
86 20
87 44
89 75
91 82
91 99
95 24
96 2
