112
57 91
52 76
64 7
86 55
17 14
17 70
68 67
70 76
73 90
95 3
52 86
55 44
65 15
69 55
70 21
76 65
78 6
82 75
83 33
87 12
88 26
90 80
7 13
14 6
14 22
14 62
14 78
23 13
51 12
56 4
56 31
56 71
57 37
60 21
60 98
61 87
62 28
65 90
67 47
67 84
68 60
68 69
77 26
82 61
85 2
86 33
89 40
90 9
90 31
90 72
91 20
94 53
95 16
95 61
96 84
0 0
0 5
0 14
0 17
0 25
3 1
3 27
6 70
10 1
10 27
10 57
10 83
18 1
18 27
18 57
18 83
19 7
19 21
19 63
19 77
22 70
23 43
25 1
25 27
31 0
31 8
31 20
31 28
32 40
33 46
47 60
48 93
51 24
52 10
53 79
54 50
57 57
60 64
60 77
69 49
71 40
71 97
76 94
78 13
78 42
78 51
78 71
81 87
83 21
83 65
83 81
85 96
87 57
91 45
92 28
92 77
93 7
