100
60 57
78 49
21 54
29 55
29 79
33 49
45 18
80 92
89 68
2 53
10 37
15 4
22 74
26 88
34 35
34 63
46 63
47 77
50 84
52 16
54 47
73 73
77 14
78 73
85 32
89 91
91 77
1 42
10 30
10 87
14 80
24 37
25 61
27 14
29 43
30 70
31 88
33 80
37 94
40 46
41 90
42 30
43 4
44 54
50 94
51 27
54 61
56 89
58 35
62 40
63 20
63 94
65 70
72 78
73 34
74 58
81 44
84 3
90 59
91 7
95 36
95 74
96 43
0 5
2 40
3 24
7 56
10 66
14 0
16 35
17 90
18 15
20 4
21 98
23 78
26 22
27 2
32 23
32 41
34 6
37 78
38 1
42 68
43 33
53 74
55 82
62 25
65 16
72 44
74 24
74 67
75 2
79 88
80 68
86 15
92 51
94 88
94 98
95 29
96 56
